           h_S      h_OH    h_OHan      h_NO      h_NH  h_OA     h_SBH
t          NaN       NaN       NaN       NaN       NaN   NaN       NaN
t1    0.761905  0.888889  0.111111  0.952381  0.944037   0.8  0.982533
t2    0.754473  0.888889  0.111111  0.952608  0.945279   0.8  0.982143
t3    0.746588  0.888889  0.111111  0.952832  0.946409   0.8  0.981749
t4    0.738219  0.888889  0.111111  0.953053  0.947438   0.8  0.981351
t5    0.729334  0.888889  0.111111  0.953272  0.948378   0.8  0.980948
t6    0.719898  0.888889  0.111111  0.953488  0.949238   0.8  0.980542
t7    0.709876  0.888889  0.111111  0.953702  0.950026   0.8  0.980133
t8    0.699235  0.888889  0.111111  0.953914  0.950748   0.8  0.979720
t9    0.687940  0.888889  0.111111  0.954125  0.951412   0.8  0.979305
t10   0.675960  0.888889  0.111111  0.954334  0.952023   0.8  0.978888
t11   0.663264  0.888889  0.111111  0.954542  0.952586   0.8  0.978469
t12   0.649831  0.888889  0.111111  0.954750  0.953105   0.8  0.978049
t13   0.635642  0.888889  0.111111  0.954957  0.953586   0.8  0.977629
t14   0.620690  0.888889  0.111111  0.955164  0.954031   0.8  0.977209
t15   0.604982  0.888889  0.111111  0.955371  0.954446   0.8  0.976790
t16   0.588539  0.888889  0.111111  0.955579  0.954831   0.8  0.976373
t17   0.571402  0.888889  0.111111  0.955788  0.955192   0.8  0.975959
t18   0.553635  0.888889  0.111111  0.955998  0.955530   0.8  0.975547
t19   0.535327  0.888889  0.111111  0.956209  0.955847   0.8  0.975140
t20   0.516594  0.888889  0.111111  0.956422  0.956147   0.8  0.974738
t21   0.497580  0.888889  0.111111  0.956636  0.956431   0.8  0.974341
t22   0.478455  0.888889  0.111111  0.956853  0.956702   0.8  0.973951
t23   0.459409  0.888889  0.111111  0.957072  0.956959   0.8  0.973567
t24   0.440647  0.888889  0.111111  0.957292  0.957206   0.8  0.973190
t25   0.422378  0.888889  0.111111  0.957515  0.957443   0.8  0.972821
t26   0.404805  0.888889  0.111111  0.957739  0.957670   0.8  0.972460
t27   0.388115  0.888889  0.111111  0.957965  0.957890   0.8  0.972105
t28   0.372464  0.888889  0.111111  0.958193  0.958101   0.8  0.971759
t29   0.357973  0.888889  0.111111  0.958421  0.958306   0.8  0.971418
t30   0.344723  0.888889  0.111111  0.958650  0.958503   0.8  0.971085
t31   0.332751  0.888889  0.111111  0.958880  0.958692   0.8  0.970757
t32   0.322055  0.888889  0.111111  0.959109  0.958876   0.8  0.970434
t33   0.312597  0.888889  0.111111  0.959338  0.959052   0.8  0.970115
t34   0.304313  0.888889  0.111111  0.959567  0.959221   0.8  0.969800
t35   0.297118  0.888889  0.111111  0.959794  0.959384   0.8  0.969488
t36   0.290915  0.888889  0.111111  0.960020  0.959540   0.8  0.969178
t37   0.285601  0.888889  0.111111  0.960244  0.959690   0.8  0.968870
t38   0.281073  0.888889  0.111111  0.960467  0.959833   0.8  0.968563
t39   0.277231  0.888889  0.111111  0.960688  0.959970   0.8  0.968255
t40   0.273983  0.888889  0.111111  0.960906  0.960101   0.8  0.967948
t41   0.271244  0.888889  0.111111  0.961123  0.960226   0.8  0.967640
t42   0.268937  0.888889  0.111111  0.961337  0.960345   0.8  0.967331
t43   0.266997  0.888889  0.111111  0.961549  0.960458   0.8  0.967021
t44   0.265364  0.888889  0.111111  0.961758  0.960567   0.8  0.966710
t45   0.263989  0.888889  0.111111  0.961965  0.960670   0.8  0.966396
t46   0.262829  0.888889  0.111111  0.962169  0.960768   0.8  0.966080
t47   0.261848  0.888889  0.111111  0.962371  0.960862   0.8  0.965762
t48   0.261015  0.888889  0.111111  0.962570  0.960951   0.8  0.965442
t49   0.260304  0.888889  0.111111  0.962767  0.961036   0.8  0.965119
t50   0.259694  0.888889  0.111111  0.962962  0.961117   0.8  0.964793
t51   0.259168  0.888889  0.111111  0.963154  0.961195   0.8  0.964465
t52   0.258711  0.888889  0.111111  0.963343  0.961268   0.8  0.964133
t53   0.258310  0.888889  0.111111  0.963531  0.961339   0.8  0.963798
t54   0.257956  0.888889  0.111111  0.963715  0.961405   0.8  0.963461
t55   0.257639  0.888889  0.111111  0.963898  0.961469   0.8  0.963120
t56   0.257353  0.888889  0.111111  0.964078  0.961530   0.8  0.962776
t57   0.257093  0.888889  0.111111  0.964256  0.961588   0.8  0.962428
t58   0.256854  0.888889  0.111111  0.964432  0.961643   0.8  0.962077
t59   0.256632  0.888889  0.111111  0.964606  0.961696   0.8  0.961723
t60   0.256424  0.888889  0.111111  0.964777  0.961746   0.8  0.961365
t61   0.256227  0.888889  0.111111  0.964947  0.961793   0.8  0.961004
t62   0.256040  0.888889  0.111111  0.965114  0.961839   0.8  0.960639
t63   0.255860  0.888889  0.111111  0.965280  0.961882   0.8  0.960270
t64   0.255686  0.888889  0.111111  0.965443  0.961923   0.8  0.959898
t65   0.255517  0.888889  0.111111  0.965604  0.961962   0.8  0.959522
t66   0.255353  0.888889  0.111111  0.965764  0.961999   0.8  0.959142
t67   0.255191  0.888889  0.111111  0.965921  0.962034   0.8  0.958758
t68   0.255033  0.888889  0.111111  0.966077  0.962067   0.8  0.958370
t69   0.254876  0.888889  0.111111  0.966231  0.962098   0.8  0.957979
t70   0.254721  0.888889  0.111111  0.966383  0.962128   0.8  0.957583
t71   0.254568  0.888889  0.111111  0.966533  0.962156   0.8  0.957183
t72   0.254415  0.888889  0.111111  0.966681  0.962183   0.8  0.956779
t73   0.254263  0.888889  0.111111  0.966828  0.962207   0.8  0.956371
t74   0.254112  0.888889  0.111111  0.966973  0.962231   0.8  0.955959
t75   0.253962  0.888889  0.111111  0.967117  0.962253   0.8  0.955543
t76   0.253812  0.888889  0.111111  0.967259  0.962273   0.8  0.955122
t77   0.253662  0.888889  0.111111  0.967399  0.962292   0.8  0.954697
t78   0.253512  0.888889  0.111111  0.967537  0.962310   0.8  0.954268
t79   0.253362  0.888889  0.111111  0.967675  0.962326   0.8  0.953834
t80   0.253213  0.888889  0.111111  0.967810  0.962341   0.8  0.953395
t81   0.253063  0.888889  0.111111  0.967944  0.962354   0.8  0.952952
t82   0.252913  0.888889  0.111111  0.968077  0.962367   0.8  0.952505
t83   0.252763  0.888889  0.111111  0.968208  0.962378   0.8  0.952053
t84   0.252613  0.888889  0.111111  0.968338  0.962388   0.8  0.951596
t85   0.252463  0.888889  0.111111  0.968466  0.962396   0.8  0.951134
t86   0.252312  0.888889  0.111111  0.968593  0.962404   0.8  0.950667
t87   0.252161  0.888889  0.111111  0.968718  0.962410   0.8  0.950196
t88   0.252010  0.888889  0.111111  0.968843  0.962415   0.8  0.949720
t89   0.251858  0.888889  0.111111  0.968965  0.962419   0.8  0.949239
t90   0.251707  0.888889  0.111111  0.969087  0.962422   0.8  0.948752
t91   0.251554  0.888889  0.111111  0.969207  0.962424   0.8  0.948261
t92   0.251402  0.888889  0.111111  0.969326  0.962425   0.8  0.947764
t93   0.251249  0.888889  0.111111  0.969444  0.962425   0.8  0.947263
t94   0.251096  0.888889  0.111111  0.969561  0.962424   0.8  0.946756
t95   0.250942  0.888889  0.111111  0.969676  0.962422   0.8  0.946244
t96   0.250787  0.888889  0.111111  0.969790  0.962418   0.8  0.945726
t97   0.250633  0.888889  0.111111  0.969903  0.962414   0.8  0.945203
t98   0.250478  0.888889  0.111111  0.970015  0.962409   0.8  0.944674
t99   0.250322  0.888889  0.111111  0.970126  0.962403   0.8  0.944140
t100  0.250166  0.888889  0.111111  0.970236  0.962396   0.8  0.943601
t101  0.250009  0.888889  0.111111  0.970344  0.962388   0.8  0.943056
t102  0.249852  0.888889  0.111111  0.970451  0.962379   0.8  0.942505
t103  0.249694  0.888889  0.111111  0.970558  0.962369   0.8  0.941948
t104  0.249536  0.888889  0.111111  0.970663  0.962358   0.8  0.941385
t105  0.249377  0.888889  0.111111  0.970767  0.962346   0.8  0.940817
t106  0.249217  0.888889  0.111111  0.970871  0.962334   0.8  0.940243
t107  0.249057  0.888889  0.111111  0.970973  0.962320   0.8  0.939662
t108  0.248896  0.888889  0.111111  0.971074  0.962306   0.8  0.939076
t109  0.248735  0.888889  0.111111  0.971174  0.962291   0.8  0.938484
t110  0.248573  0.888889  0.111111  0.971274  0.962275   0.8  0.937885
t111  0.248410  0.888889  0.111111  0.971372  0.962258   0.8  0.937280
t112  0.248247  0.888889  0.111111  0.971469  0.962240   0.8  0.936669
t113  0.248083  0.888889  0.111111  0.971566  0.962222   0.8  0.936052
t114  0.247918  0.888889  0.111111  0.971661  0.962202   0.8  0.935428
t115  0.247752  0.888889  0.111111  0.971756  0.962182   0.8  0.934798
t116  0.247586  0.888889  0.111111  0.971850  0.962161   0.8  0.934162
t117  0.247419  0.888889  0.111111  0.971943  0.962139   0.8  0.933519
t118  0.247251  0.888889  0.111111  0.972035  0.962117   0.8  0.932869
t119  0.247083  0.888889  0.111111  0.972126  0.962094   0.8  0.932213
t120  0.246913  0.888889  0.111111  0.972216  0.962070   0.8  0.931550
t121  0.246743  0.888889  0.111111  0.972306  0.962045   0.8  0.930880
t122  0.246572  0.888889  0.111111  0.972394  0.962019   0.8  0.930203
t123  0.246400  0.888889  0.111111  0.972482  0.961993   0.8  0.929520
t124  0.246228  0.888889  0.111111  0.972569  0.961966   0.8  0.928830
t125  0.246054  0.888889  0.111111  0.972656  0.961938   0.8  0.928133
t126  0.245880  0.888889  0.111111  0.972741  0.961909   0.8  0.927429
t127  0.245705  0.888889  0.111111  0.972826  0.961880   0.8  0.926718
t128  0.245529  0.888889  0.111111  0.972910  0.961850   0.8  0.926000
t129  0.245352  0.888889  0.111111  0.972993  0.961820   0.8  0.925275
t130  0.245174  0.888889  0.111111  0.973076  0.961788   0.8  0.924542
t131  0.244995  0.888889  0.111111  0.973157  0.961756   0.8  0.923803
t132  0.244815  0.888889  0.111111  0.973238  0.961724   0.8  0.923057
t133  0.244635  0.888889  0.111111  0.973319  0.961690   0.8  0.922303
t134  0.244453  0.888889  0.111111  0.973398  0.961656   0.8  0.921542
t135  0.244271  0.888889  0.111111  0.973477  0.961621   0.8  0.920774
t136  0.244087  0.888889  0.111111  0.973556  0.961586   0.8  0.919998
t137  0.243903  0.888889  0.111111  0.973633  0.961550   0.8  0.919215
t138  0.243717  0.888889  0.111111  0.973710  0.961513   0.8  0.918425
t139  0.243531  0.888889  0.111111  0.973786  0.961476   0.8  0.917627
t140  0.243343  0.888889  0.111111  0.973862  0.961437   0.8  0.916823
t141  0.243155  0.888889  0.111111  0.973937  0.961399   0.8  0.916010
t142  0.242966  0.888889  0.111111  0.974011  0.961359   0.8  0.915191
t143  0.242775  0.888889  0.111111  0.974085  0.961319   0.8  0.914364
t144  0.242584  0.888889  0.111111  0.974158  0.961279   0.8  0.913529
t145  0.242391  0.888889  0.111111  0.974231  0.961238   0.8  0.912687
t146  0.242198  0.888889  0.111111  0.974302  0.961196   0.8  0.911838
t147  0.242004  0.888889  0.111111  0.974374  0.961153   0.8  0.910982
t148  0.241808  0.888889  0.111111  0.974444  0.961110   0.8  0.910118
t149  0.241612  0.888889  0.111111  0.974515  0.961067   0.8  0.909247
t150  0.241414  0.888889  0.111111  0.974584  0.961022   0.8  0.908368
t151  0.241216  0.888889  0.111111  0.974653  0.960977   0.8  0.907483
t152  0.241016  0.888889  0.111111  0.974722  0.960932   0.8  0.906590
t153  0.240815  0.888889  0.111111  0.974789  0.960886   0.8  0.905689
t154  0.240614  0.888889  0.111111  0.974857  0.960839   0.8  0.904782
t155  0.240411  0.888889  0.111111  0.974924  0.960792   0.8  0.903867
t156  0.240208  0.888889  0.111111  0.974990  0.960744   0.8  0.902946
t157  0.240003  0.888889  0.111111  0.975056  0.960696   0.8  0.902017
t158  0.239798  0.888889  0.111111  0.975121  0.960647   0.8  0.901082
t159  0.239591  0.888889  0.111111  0.975185  0.960597   0.8  0.900139
t160  0.239383  0.888889  0.111111  0.975250  0.960547   0.8  0.899190
t161  0.239175  0.888889  0.111111  0.975313  0.960496   0.8  0.898234
t162  0.238965  0.888889  0.111111  0.975376  0.960445   0.8  0.897272
t163  0.238755  0.888889  0.111111  0.975439  0.960393   0.8  0.896302
t164  0.238544  0.888889  0.111111  0.975501  0.960341   0.8  0.895327
t165  0.238332  0.888889  0.111111  0.975563  0.960288   0.8  0.894345
t166  0.238118  0.888889  0.111111  0.975624  0.960234   0.8  0.893357
t167  0.237904  0.888889  0.111111  0.975685  0.960180   0.8  0.892362
t168  0.237690  0.888889  0.111111  0.975745  0.960126   0.8  0.891362
t169  0.237474  0.888889  0.111111  0.975805  0.960071   0.8  0.890356
t170  0.237257  0.888889  0.111111  0.975864  0.960015   0.8  0.889344
t171  0.237040  0.888889  0.111111  0.975923  0.959959   0.8  0.888327
t172  0.236822  0.888889  0.111111  0.975982  0.959902   0.8  0.887304
t173  0.236603  0.888889  0.111111  0.976040  0.959845   0.8  0.886276
t174  0.236383  0.888889  0.111111  0.976097  0.959787   0.8  0.885243
t175  0.236163  0.888889  0.111111  0.976155  0.959728   0.8  0.884205
t176  0.235942  0.888889  0.111111  0.976211  0.959669   0.8  0.883162
t177  0.235720  0.888889  0.111111  0.976268  0.959610   0.8  0.882114
t178  0.235498  0.888889  0.111111  0.976323  0.959550   0.8  0.881063
t179  0.235275  0.888889  0.111111  0.976379  0.959489   0.8  0.880007
t180  0.235052  0.888889  0.111111  0.976434  0.959428   0.8  0.878947
t181  0.234828  0.888889  0.111111  0.976489  0.959366   0.8  0.877884
t182  0.234604  0.888889  0.111111  0.976543  0.959304   0.8  0.876817
t183  0.234379  0.888889  0.111111  0.976597  0.959242   0.8  0.875746
t184  0.234154  0.888889  0.111111  0.976650  0.959178   0.8  0.874673
t185  0.233929  0.888889  0.111111  0.976703  0.959114   0.8  0.873597
t186  0.233703  0.888889  0.111111  0.976756  0.959050   0.8  0.872519
t187  0.233477  0.888889  0.111111  0.976808  0.958985   0.8  0.871438
t188  0.233251  0.888889  0.111111  0.976860  0.958920   0.8  0.870355
t189  0.233024  0.888889  0.111111  0.976912  0.958854   0.8  0.869271
t190  0.232798  0.888889  0.111111  0.976963  0.958788   0.8  0.868185
t191  0.232571  0.888889  0.111111  0.977014  0.958721   0.8  0.867098
t192  0.232345  0.888889  0.111111  0.977064  0.958653   0.8  0.866010
t193  0.232118  0.888889  0.111111  0.977115  0.958585   0.8  0.864922
t194  0.231892  0.888889  0.111111  0.977164  0.958517   0.8  0.863834
t195  0.231665  0.888889  0.111111  0.977214  0.958448   0.8  0.862745
t196  0.231439  0.888889  0.111111  0.977263  0.958378   0.8  0.861657
t197  0.231213  0.888889  0.111111  0.977312  0.958308   0.8  0.860569
t198  0.230988  0.888889  0.111111  0.977360  0.958237   0.8  0.859483
t199  0.230762  0.888889  0.111111  0.977408  0.958166   0.8  0.858398
t200  0.230538  0.888889  0.111111  0.977456  0.958095   0.8  0.857314
t201  0.230313  0.888889  0.111111  0.977503  0.958022   0.8  0.856233
t202  0.230090  0.888889  0.111111  0.977550  0.957950   0.8  0.855154
t203  0.229866  0.888889  0.111111  0.977597  0.957876   0.8  0.854077
t204  0.229644  0.888889  0.111111  0.977643  0.957803   0.8  0.853004
t205  0.229422  0.888889  0.111111  0.977689  0.957728   0.8  0.851933
t206  0.229201  0.888889  0.111111  0.977735  0.957654   0.8  0.850867
t207  0.228981  0.888889  0.111111  0.977781  0.957578   0.8  0.849804
t208  0.228762  0.888889  0.111111  0.977826  0.957502   0.8  0.848746
t209  0.228544  0.888889  0.111111  0.977871  0.957426   0.8  0.847692
t210  0.228327  0.888889  0.111111  0.977915  0.957349   0.8  0.846644
t211  0.228111  0.888889  0.111111  0.977959  0.957271   0.8  0.845601
t212  0.227896  0.888889  0.111111  0.978003  0.957193   0.8  0.844563
t213  0.227682  0.888889  0.111111  0.978047  0.957115   0.8  0.843531
t214  0.227470  0.888889  0.111111  0.978090  0.957036   0.8  0.842506
t215  0.227259  0.888889  0.111111  0.978133  0.956956   0.8  0.841487
t216  0.227050  0.888889  0.111111  0.978176  0.956876   0.8  0.840475
t217  0.226842  0.888889  0.111111  0.978219  0.956796   0.8  0.839471
t218  0.226635  0.888889  0.111111  0.978261  0.956714   0.8  0.838474
t219  0.226430  0.888889  0.111111  0.978303  0.956633   0.8  0.837484
t220  0.226227  0.888889  0.111111  0.978344  0.956551   0.8  0.836503
t221  0.226026  0.888889  0.111111  0.978386  0.956468   0.8  0.835530
t222  0.225826  0.888889  0.111111  0.978427  0.956385   0.8  0.834566
t223  0.225628  0.888889  0.111111  0.978468  0.956301   0.8  0.833611
t224  0.225432  0.888889  0.111111  0.978508  0.956217   0.8  0.832665
t225  0.225238  0.888889  0.111111  0.978548  0.956132   0.8  0.831729
t226  0.225046  0.888889  0.111111  0.978589  0.956046   0.8  0.830802
t227  0.224856  0.888889  0.111111  0.978628  0.955961   0.8  0.829885
t228  0.224668  0.888889  0.111111  0.978668  0.955874   0.8  0.828979
t229  0.224483  0.888889  0.111111  0.978707  0.955787   0.8  0.828083
t230  0.224299  0.888889  0.111111  0.978746  0.955700   0.8  0.827197
t231  0.224118  0.888889  0.111111  0.978785  0.955612   0.8  0.826322
t232  0.223938  0.888889  0.111111  0.978823  0.955524   0.8  0.825458
t233  0.223762  0.888889  0.111111  0.978861  0.955435   0.8  0.824606
t234  0.223587  0.888889  0.111111  0.978899  0.955345   0.8  0.823764
t235  0.223415  0.888889  0.111111  0.978937  0.955255   0.8  0.822934
t236  0.223245  0.888889  0.111111  0.978975  0.955165   0.8  0.822116
t237  0.223078  0.888889  0.111111  0.979012  0.955074   0.8  0.821309
t238  0.222913  0.888889  0.111111  0.979049  0.954982   0.8  0.820515
t239  0.222751  0.888889  0.111111  0.979086  0.954890   0.8  0.819732
t240  0.222591  0.888889  0.111111  0.979122  0.954798   0.8  0.818962
t241  0.222434  0.888889  0.111111  0.979158  0.954705   0.8  0.818203
t242  0.222279  0.888889  0.111111  0.979194  0.954611   0.8  0.817457
t243  0.222127  0.888889  0.111111  0.979230  0.954517   0.8  0.816723
t244  0.221978  0.888889  0.111111  0.979266  0.954423   0.8  0.816002
t245  0.221831  0.888889  0.111111  0.979301  0.954328   0.8  0.815293
t246  0.221686  0.888889  0.111111  0.979336  0.954233   0.8  0.814596
t247  0.221545  0.888889  0.111111  0.979371  0.954137   0.8  0.813912
t248  0.221406  0.888889  0.111111  0.979406  0.954040   0.8  0.813240
t249  0.221269  0.888889  0.111111  0.979440  0.953943   0.8  0.812581
t250  0.221136  0.888889  0.111111  0.979475  0.953846   0.8  0.811935
t251  0.221004  0.888889  0.111111  0.979509  0.953748   0.8  0.811301
t252  0.220876  0.888889  0.111111  0.979542  0.953650   0.8  0.810679
t253  0.220750  0.888889  0.111111  0.979576  0.953551   0.8  0.810070
t254  0.220627  0.888889  0.111111  0.979609  0.953452   0.8  0.809473
t255  0.220506  0.888889  0.111111  0.979643  0.953352   0.8  0.808889
t256  0.220388  0.888889  0.111111  0.979676  0.953252   0.8  0.808317
t257  0.220273  0.888889  0.111111  0.979708  0.953151   0.8  0.807757
t258  0.220160  0.888889  0.111111  0.979741  0.953050   0.8  0.807209
t259  0.220050  0.888889  0.111111  0.979773  0.952949   0.8  0.806674
t260  0.219943  0.888889  0.111111  0.979805  0.952847   0.8  0.806150
t261  0.219838  0.888889  0.111111  0.979837  0.952744   0.8  0.805638
t262  0.219735  0.888889  0.111111  0.979869  0.952641   0.8  0.805138
t263  0.219635  0.888889  0.111111  0.979900  0.952538   0.8  0.804650
t264  0.219538  0.888889  0.111111  0.979932  0.952434   0.8  0.804173
t265  0.219443  0.888889  0.111111  0.979963  0.952330   0.8  0.803708
t266  0.219351  0.888889  0.111111  0.979994  0.952225   0.8  0.803254
t267  0.219260  0.888889  0.111111  0.980025  0.952120   0.8  0.802812
t268  0.219173  0.888889  0.111111  0.980055  0.952015   0.8  0.802380
t269  0.219087  0.888889  0.111111  0.980085  0.951909   0.8  0.801959
t270  0.219005  0.888889  0.111111  0.980116  0.951803   0.8  0.801550
t271  0.218924  0.888889  0.111111  0.980146  0.951696   0.8  0.801151
t272  0.218846  0.888889  0.111111  0.980175  0.951589   0.8  0.800762
t273  0.218769  0.888889  0.111111  0.980205  0.951481   0.8  0.800384
t274  0.218696  0.888889  0.111111  0.980234  0.951374   0.8  0.800016
t275  0.218624  0.888889  0.111111  0.980264  0.951265   0.8  0.799658
t276  0.218555  0.888889  0.111111  0.980293  0.951157   0.8  0.799310
t277  0.218487  0.888889  0.111111  0.980321  0.951048   0.8  0.798972
t278  0.218422  0.888889  0.111111  0.980350  0.950938   0.8  0.798643
t279  0.218359  0.888889  0.111111  0.980379  0.950828   0.8  0.798324
t280  0.218298  0.888889  0.111111  0.980407  0.950718   0.8  0.798014
t281  0.218238  0.888889  0.111111  0.980435  0.950607   0.8  0.797713
t282  0.218181  0.888889  0.111111  0.980463  0.950497   0.8  0.797421
t283  0.218126  0.888889  0.111111  0.980491  0.950385   0.8  0.797138
t284  0.218073  0.888889  0.111111  0.980518  0.950274   0.8  0.796864
t285  0.218021  0.888889  0.111111  0.980546  0.950162   0.8  0.796598
t286  0.217972  0.888889  0.111111  0.980573  0.950049   0.8  0.796340
t287  0.217924  0.888889  0.111111  0.980600  0.949937   0.8  0.796091
t288  0.217878  0.888889  0.111111  0.980627  0.949824   0.8  0.795849
t289  0.217833  0.888889  0.111111  0.980654  0.949710   0.8  0.795615
t290  0.217791  0.888889  0.111111  0.980681  0.949596   0.8  0.795389
t291  0.217749  0.888889  0.111111  0.980707  0.949482   0.8  0.795171
t292  0.217710  0.888889  0.111111  0.980733  0.949368   0.8  0.794960
t293  0.217672  0.888889  0.111111  0.980759  0.949253   0.8  0.794756
t294  0.217636  0.888889  0.111111  0.980785  0.949138   0.8  0.794558
t295  0.217601  0.888889  0.111111  0.980811  0.949023   0.8  0.794368
t296  0.217568  0.888889  0.111111  0.980837  0.948907   0.8  0.794185
t297  0.217536  0.888889  0.111111  0.980862  0.948792   0.8  0.794008
t298  0.217506  0.888889  0.111111  0.980888  0.948675   0.8  0.793837
t299  0.217477  0.888889  0.111111  0.980913  0.948559   0.8  0.793673
t300  0.217449  0.888889  0.111111  0.980938  0.948442   0.8  0.793515
t301  0.217422  0.888889  0.111111  0.980963  0.948325   0.8  0.793363
t302  0.217397  0.888889  0.111111  0.980987  0.948207   0.8  0.793217
t303  0.217373  0.888889  0.111111  0.981012  0.948090   0.8  0.793076
t304  0.217351  0.888889  0.111111  0.981036  0.947972   0.8  0.792941
t305  0.217329  0.888889  0.111111  0.981060  0.947854   0.8  0.792811
t306  0.217309  0.888889  0.111111  0.981085  0.947735   0.8  0.792687
t307  0.217290  0.888889  0.111111  0.981108  0.947616   0.8  0.792568
t308  0.217272  0.888889  0.111111  0.981132  0.947497   0.8  0.792453
t309  0.217255  0.888889  0.111111  0.981156  0.947378   0.8  0.792344
t310  0.217239  0.888889  0.111111  0.981179  0.947259   0.8  0.792239
t311  0.217224  0.888889  0.111111  0.981203  0.947139   0.8  0.792139
t312  0.217210  0.888889  0.111111  0.981226  0.947019   0.8  0.792044
t313  0.217197  0.888889  0.111111  0.981249  0.946899   0.8  0.791952
t314  0.217185  0.888889  0.111111  0.981272  0.946778   0.8  0.791866
t315  0.217174  0.888889  0.111111  0.981295  0.946657   0.8  0.791783
t316  0.217164  0.888889  0.111111  0.981317  0.946536   0.8  0.791704
t317  0.217154  0.888889  0.111111  0.981340  0.946415   0.8  0.791629
t318  0.217146  0.888889  0.111111  0.981362  0.946294   0.8  0.791558
t319  0.217138  0.888889  0.111111  0.981385  0.946172   0.8  0.791491
t320  0.217131  0.888889  0.111111  0.981407  0.946050   0.8  0.791427
t321  0.217125  0.888889  0.111111  0.981429  0.945928   0.8  0.791367
t322  0.217119  0.888889  0.111111  0.981450  0.945806   0.8  0.791311
t323  0.217115  0.888889  0.111111  0.981472  0.945683   0.8  0.791257
t324  0.217111  0.888889  0.111111  0.981494  0.945561   0.8  0.791207
t325  0.217107  0.888889  0.111111  0.981515  0.945438   0.8  0.791160
t326  0.217104  0.888889  0.111111  0.981536  0.945315   0.8  0.791116
t327  0.217102  0.888889  0.111111  0.981558  0.945191   0.8  0.791075
t328  0.217101  0.888889  0.111111  0.981579  0.945068   0.8  0.791036
t329  0.217100  0.888889  0.111111  0.981600  0.944944   0.8  0.791001
t330  0.217100  0.888889  0.111111  0.981620  0.944820   0.8  0.790968
t331  0.217100  0.888889  0.111111  0.981641  0.944696   0.8  0.790938
t332  0.217101  0.888889  0.111111  0.981662  0.944572   0.8  0.790910
t333  0.217102  0.888889  0.111111  0.981682  0.944448   0.8  0.790885
t334  0.217104  0.888889  0.111111  0.981702  0.944323   0.8  0.790862
t335  0.217106  0.888889  0.111111  0.981723  0.944198   0.8  0.790841
t336  0.217109  0.888889  0.111111  0.981743  0.944073   0.8  0.790823
t337  0.217112  0.888889  0.111111  0.981762  0.943948   0.8  0.790807
t338  0.217116  0.888889  0.111111  0.981782  0.943823   0.8  0.790792
t339  0.217120  0.888889  0.111111  0.981802  0.943698   0.8  0.790780
t340  0.217124  0.888889  0.111111  0.981822  0.943572   0.8  0.790770
t341  0.217129  0.888889  0.111111  0.981841  0.943447   0.8  0.790762
t342  0.217134  0.888889  0.111111  0.981860  0.943321   0.8  0.790755
t343  0.217140  0.888889  0.111111  0.981880  0.943195   0.8  0.790750
t344  0.217146  0.888889  0.111111  0.981899  0.943069   0.8  0.790747
t345  0.217152  0.888889  0.111111  0.981918  0.942943   0.8  0.790746
t346  0.217159  0.888889  0.111111  0.981937  0.942816   0.8  0.790746
t347  0.217166  0.888889  0.111111  0.981955  0.942690   0.8  0.790748
t348  0.217173  0.888889  0.111111  0.981974  0.942563   0.8  0.790751
t349  0.217180  0.888889  0.111111  0.981992  0.942436   0.8  0.790756
t350  0.217188  0.888889  0.111111  0.982011  0.942310   0.8  0.790762
t351  0.217196  0.888889  0.111111  0.982029  0.942183   0.8  0.790769
t352  0.217204  0.888889  0.111111  0.982047  0.942056   0.8  0.790778
t353  0.217213  0.888889  0.111111  0.982065  0.941928   0.8  0.790788
t354  0.217222  0.888889  0.111111  0.982083  0.941801   0.8  0.790799
t355  0.217231  0.888889  0.111111  0.982101  0.941674   0.8  0.790811
t356  0.217240  0.888889  0.111111  0.982119  0.941546   0.8  0.790825
t357  0.217249  0.888889  0.111111  0.982137  0.941419   0.8  0.790839
t358  0.217259  0.888889  0.111111  0.982154  0.941291   0.8  0.790854
t359  0.217269  0.888889  0.111111  0.982172  0.941163   0.8  0.790871
t360  0.217279  0.888889  0.111111  0.982189  0.941035   0.8  0.790888
t361  0.217289  0.888889  0.111111  0.982206  0.940907   0.8  0.790907
t362  0.217299  0.888889  0.111111  0.982223  0.940779   0.8  0.790926
t363  0.217310  0.888889  0.111111  0.982241  0.940651   0.8  0.790946
t364  0.217320  0.888889  0.111111  0.982257  0.940523   0.8  0.790967
t365  0.217331  0.888889  0.111111  0.982274  0.940395   0.8  0.790988
t366  0.217342  0.888889  0.111111  0.982291  0.940266   0.8  0.791011
t367  0.217353  0.888889  0.111111  0.982308  0.940138   0.8  0.791034
t368  0.217364  0.888889  0.111111  0.982324  0.940009   0.8  0.791058
t369  0.217375  0.888889  0.111111  0.982341  0.939881   0.8  0.791082
t370  0.217387  0.888889  0.111111  0.982357  0.939752   0.8  0.791107
t371  0.217398  0.888889  0.111111  0.982373  0.939623   0.8  0.791133
t372  0.217410  0.888889  0.111111  0.982389  0.939495   0.8  0.791159
t373  0.217421  0.888889  0.111111  0.982405  0.939366   0.8  0.791186
t374  0.217433  0.888889  0.111111  0.982421  0.939237   0.8  0.791213
t375  0.217445  0.888889  0.111111  0.982437  0.939108   0.8  0.791241
t376  0.217457  0.888889  0.111111  0.982453  0.938979   0.8  0.791269
t377  0.217468  0.888889  0.111111  0.982469  0.938850   0.8  0.791298
t378  0.217480  0.888889  0.111111  0.982484  0.938721   0.8  0.791327
t379  0.217492  0.888889  0.111111  0.982500  0.938592   0.8  0.791357
t380  0.217505  0.888889  0.111111  0.982515  0.938463   0.8  0.791387
t381  0.217517  0.888889  0.111111  0.982530  0.938334   0.8  0.791417
t382  0.217529  0.888889  0.111111  0.982546  0.938204   0.8  0.791448
t383  0.217541  0.888889  0.111111  0.982561  0.938075   0.8  0.791479
t384  0.217553  0.888889  0.111111  0.982576  0.937946   0.8  0.791510
t385  0.217565  0.888889  0.111111  0.982591  0.937817   0.8  0.791542
t386  0.217578  0.888889  0.111111  0.982606  0.937687   0.8  0.791574
t387  0.217590  0.888889  0.111111  0.982620  0.937558   0.8  0.791606
t388  0.217602  0.888889  0.111111  0.982635  0.937429   0.8  0.791639
t389  0.217615  0.888889  0.111111  0.982650  0.937299   0.8  0.791671
t390  0.217627  0.888889  0.111111  0.982664  0.937170   0.8  0.791704
t391  0.217639  0.888889  0.111111  0.982679  0.937041   0.8  0.791737
t392  0.217652  0.888889  0.111111  0.982693  0.936911   0.8  0.791770
t393  0.217664  0.888889  0.111111  0.982707  0.936782   0.8  0.791804
t394  0.217677  0.888889  0.111111  0.982721  0.936652   0.8  0.791837
t395  0.217689  0.888889  0.111111  0.982735  0.936523   0.8  0.791871
t396  0.217701  0.888889  0.111111  0.982749  0.936394   0.8  0.791905
t397  0.217714  0.888889  0.111111  0.982763  0.936264   0.8  0.791939
t398  0.217726  0.888889  0.111111  0.982777  0.936135   0.8  0.791973
t399  0.217738  0.888889  0.111111  0.982791  0.936006   0.8  0.792007
t400  0.217751  0.888889  0.111111  0.982805  0.935876   0.8  0.792041
t401  0.217763  0.888889  0.111111  0.982818  0.935747   0.8  0.792076
t402  0.217775  0.888889  0.111111  0.982832  0.935618   0.8  0.792110
t403  0.217788  0.888889  0.111111  0.982845  0.935489   0.8  0.792145
t404  0.217800  0.888889  0.111111  0.982858  0.935359   0.8  0.792179
t405  0.217812  0.888889  0.111111  0.982872  0.935230   0.8  0.792214
t406  0.217824  0.888889  0.111111  0.982885  0.935101   0.8  0.792248
t407  0.217836  0.888889  0.111111  0.982898  0.934972   0.8  0.792283
t408  0.217848  0.888889  0.111111  0.982911  0.934843   0.8  0.792317
t409  0.217860  0.888889  0.111111  0.982924  0.934714   0.8  0.792352
t410  0.217872  0.888889  0.111111  0.982937  0.934584   0.8  0.792386
t411  0.217884  0.888889  0.111111  0.982950  0.934455   0.8  0.792421
t412  0.217896  0.888889  0.111111  0.982962  0.934327   0.8  0.792455
t413  0.217908  0.888889  0.111111  0.982975  0.934198   0.8  0.792490
t414  0.217920  0.888889  0.111111  0.982988  0.934069   0.8  0.792524
t415  0.217932  0.888889  0.111111  0.983000  0.933940   0.8  0.792559
t416  0.217944  0.888889  0.111111  0.983013  0.933811   0.8  0.792593
t417  0.217956  0.888889  0.111111  0.983025  0.933682   0.8  0.792627
t418  0.217967  0.888889  0.111111  0.983037  0.933554   0.8  0.792662
t419  0.217979  0.888889  0.111111  0.983050  0.933425   0.8  0.792696
t420  0.217991  0.888889  0.111111  0.983062  0.933297   0.8  0.792730
t421  0.218002  0.888889  0.111111  0.983074  0.933168   0.8  0.792764
t422  0.218014  0.888889  0.111111  0.983086  0.933040   0.8  0.792798
t423  0.218025  0.888889  0.111111  0.983098  0.932912   0.8  0.792832
t424  0.218037  0.888889  0.111111  0.983110  0.932783   0.8  0.792866
t425  0.218048  0.888889  0.111111  0.983121  0.932655   0.8  0.792899
t426  0.218059  0.888889  0.111111  0.983133  0.932527   0.8  0.792933
t427  0.218071  0.888889  0.111111  0.983145  0.932399   0.8  0.792966
t428  0.218082  0.888889  0.111111  0.983156  0.932271   0.8  0.793000
t429  0.218093  0.888889  0.111111  0.983168  0.932143   0.8  0.793033
t430  0.218104  0.888889  0.111111  0.983179  0.932015   0.8  0.793066
t431  0.218115  0.888889  0.111111  0.983191  0.931888   0.8  0.793099
t432  0.218126  0.888889  0.111111  0.983202  0.931760   0.8  0.793132
t433  0.218137  0.888889  0.111111  0.983213  0.931633   0.8  0.793165
t434  0.218148  0.888889  0.111111  0.983224  0.931505   0.8  0.793197
t435  0.218159  0.888889  0.111111  0.983236  0.931378   0.8  0.793230
t436  0.218169  0.888889  0.111111  0.983247  0.931251   0.8  0.793262
t437  0.218180  0.888889  0.111111  0.983258  0.931124   0.8  0.793295
t438  0.218191  0.888889  0.111111  0.983268  0.930997   0.8  0.793327
t439  0.218201  0.888889  0.111111  0.983279  0.930870   0.8  0.793359
t440  0.218212  0.888889  0.111111  0.983290  0.930743   0.8  0.793391
t441  0.218222  0.888889  0.111111  0.983301  0.930616   0.8  0.793422
t442  0.218233  0.888889  0.111111  0.983312  0.930490   0.8  0.793454
t443  0.218243  0.888889  0.111111  0.983322  0.930363   0.8  0.793485
t444  0.218253  0.888889  0.111111  0.983333  0.930237   0.8  0.793516
t445  0.218263  0.888889  0.111111  0.983343  0.930111   0.8  0.793547
t446  0.218274  0.888889  0.111111  0.983354  0.929985   0.8  0.793578
t447  0.218284  0.888889  0.111111  0.983364  0.929859   0.8  0.793609
t448  0.218294  0.888889  0.111111  0.983374  0.929733   0.8  0.793640
t449  0.218304  0.888889  0.111111  0.983384  0.929607   0.8  0.793670
t450  0.218314  0.888889  0.111111  0.983395  0.929482   0.8  0.793701
t451  0.218323  0.888889  0.111111  0.983405  0.929356   0.8  0.793731
t452  0.218333  0.888889  0.111111  0.983415  0.929231   0.8  0.793761
t453  0.218343  0.888889  0.111111  0.983425  0.929106   0.8  0.793790
t454  0.218353  0.888889  0.111111  0.983435  0.928981   0.8  0.793820
t455  0.218362  0.888889  0.111111  0.983445  0.928856   0.8  0.793850
t456  0.218372  0.888889  0.111111  0.983454  0.928731   0.8  0.793879
t457  0.218381  0.888889  0.111111  0.983464  0.928606   0.8  0.793908
t458  0.218390  0.888889  0.111111  0.983474  0.928482   0.8  0.793937
t459  0.218400  0.888889  0.111111  0.983484  0.928358   0.8  0.793966
t460  0.218409  0.888889  0.111111  0.983493  0.928233   0.8  0.793994
t461  0.218418  0.888889  0.111111  0.983503  0.928109   0.8  0.794023
t462  0.218427  0.888889  0.111111  0.983512  0.927986   0.8  0.794051
t463  0.218437  0.888889  0.111111  0.983522  0.927862   0.8  0.794079
t464  0.218446  0.888889  0.111111  0.983531  0.927738   0.8  0.794107
t465  0.218454  0.888889  0.111111  0.983540  0.927615   0.8  0.794135
t466  0.218463  0.888889  0.111111  0.983550  0.927492   0.8  0.794163
t467  0.218472  0.888889  0.111111  0.983559  0.927369   0.8  0.794190
t468  0.218481  0.888889  0.111111  0.983568  0.927246   0.8  0.794217
t469  0.218490  0.888889  0.111111  0.983577  0.927123   0.8  0.794245
t470  0.218498  0.888889  0.111111  0.983586  0.927001   0.8  0.794271
t471  0.218507  0.888889  0.111111  0.983595  0.926878   0.8  0.794298
t472  0.218515  0.888889  0.111111  0.983604  0.926756   0.8  0.794325
t473  0.218524  0.888889  0.111111  0.983613  0.926634   0.8  0.794351
t474  0.218532  0.888889  0.111111  0.983622  0.926512   0.8  0.794377
t475  0.218541  0.888889  0.111111  0.983631  0.926391   0.8  0.794404
t476  0.218549  0.888889  0.111111  0.983639  0.926269   0.8  0.794429
t477  0.218557  0.888889  0.111111  0.983648  0.926148   0.8  0.794455
t478  0.218565  0.888889  0.111111  0.983657  0.926027   0.8  0.794481
t479  0.218573  0.888889  0.111111  0.983665  0.925906   0.8  0.794506
t480  0.218582  0.888889  0.111111  0.983674  0.925785   0.8  0.794531
t481  0.218590  0.888889  0.111111  0.983682  0.925665   0.8  0.794556
t482  0.218597  0.888889  0.111111  0.983691  0.925544   0.8  0.794581
t483  0.218605  0.888889  0.111111  0.983699  0.925424   0.8  0.794606
t484  0.218613  0.888889  0.111111  0.983707  0.925304   0.8  0.794630
t485  0.218621  0.888889  0.111111  0.983716  0.925185   0.8  0.794655
t486  0.218629  0.888889  0.111111  0.983724  0.925065   0.8  0.794679
t487  0.218636  0.888889  0.111111  0.983732  0.924946   0.8  0.794703
t488  0.218644  0.888889  0.111111  0.983740  0.924827   0.8  0.794727
t489  0.218651  0.888889  0.111111  0.983748  0.924708   0.8  0.794750
t490  0.218659  0.888889  0.111111  0.983756  0.924589   0.8  0.794774
t491  0.218666  0.888889  0.111111  0.983764  0.924471   0.8  0.794797
t492  0.218674  0.888889  0.111111  0.983772  0.924352   0.8  0.794820
t493  0.218681  0.888889  0.111111  0.983780  0.924234   0.8  0.794843
t494  0.218688  0.888889  0.111111  0.983788  0.924117   0.8  0.794866
t495  0.218695  0.888889  0.111111  0.983796  0.923999   0.8  0.794889
t496  0.218702  0.888889  0.111111  0.983803  0.923882   0.8  0.794911
t497  0.218709  0.888889  0.111111  0.983811  0.923764   0.8  0.794934
t498  0.218716  0.888889  0.111111  0.983819  0.923647   0.8  0.794956
t499  0.218723  0.888889  0.111111  0.983826  0.923531   0.8  0.794978
t500  0.218730  0.888889  0.111111  0.983834  0.923414   0.8  0.795000
t501  0.218737  0.888889  0.111111  0.983841  0.923298   0.8  0.795022
t502  0.218744  0.888889  0.111111  0.983849  0.923182   0.8  0.795043
t503  0.218751  0.888889  0.111111  0.983856  0.923066   0.8  0.795064
t504  0.218757  0.888889  0.111111  0.983864  0.922951   0.8  0.795086
t505  0.218764  0.888889  0.111111  0.983871  0.922835   0.8  0.795107
t506  0.218771  0.888889  0.111111  0.983878  0.922720   0.8  0.795128
t507  0.218777  0.888889  0.111111  0.983886  0.922605   0.8  0.795148
t508  0.218784  0.888889  0.111111  0.983893  0.922491   0.8  0.795169
t509  0.218790  0.888889  0.111111  0.983900  0.922376   0.8  0.795189
t510  0.218797  0.888889  0.111111  0.983907  0.922262   0.8  0.795210
t511  0.218803  0.888889  0.111111  0.983914  0.922148   0.8  0.795230
t512  0.218809  0.888889  0.111111  0.983921  0.922035   0.8  0.795250
t513  0.218815  0.888889  0.111111  0.983928  0.921921   0.8  0.795270
t514  0.218822  0.888889  0.111111  0.983935  0.921808   0.8  0.795289
t515  0.218828  0.888889  0.111111  0.983942  0.921695   0.8  0.795309
t516  0.218834  0.888889  0.111111  0.983949  0.921583   0.8  0.795328
t517  0.218840  0.888889  0.111111  0.983956  0.921470   0.8  0.795347
t518  0.218846  0.888889  0.111111  0.983963  0.921358   0.8  0.795367
t519  0.218852  0.888889  0.111111  0.983969  0.921246   0.8  0.795385
t520  0.218858  0.888889  0.111111  0.983976  0.921135   0.8  0.795404
t521  0.218863  0.888889  0.111111  0.983983  0.921023   0.8  0.795423
t522  0.218869  0.888889  0.111111  0.983989  0.920912   0.8  0.795441
t523  0.218875  0.888889  0.111111  0.983996  0.920801   0.8  0.795460
t524  0.218881  0.888889  0.111111  0.984003  0.920691   0.8  0.795478
t525  0.218886  0.888889  0.111111  0.984009  0.920580   0.8  0.795496
t526  0.218892  0.888889  0.111111  0.984016  0.920470   0.8  0.795514
t527  0.218898  0.888889  0.111111  0.984022  0.920360   0.8  0.795532
t528  0.218903  0.888889  0.111111  0.984028  0.920251   0.8  0.795549
t529  0.218909  0.888889  0.111111  0.984035  0.920142   0.8  0.795567
t530  0.218914  0.888889  0.111111  0.984041  0.920033   0.8  0.795584
t531  0.218919  0.888889  0.111111  0.984047  0.919924   0.8  0.795601
t532  0.218925  0.888889  0.111111  0.984054  0.919816   0.8  0.795619
t533  0.218930  0.888889  0.111111  0.984060  0.919707   0.8  0.795636
t534  0.218935  0.888889  0.111111  0.984066  0.919600   0.8  0.795652
t535  0.218940  0.888889  0.111111  0.984072  0.919492   0.8  0.795669
t536  0.218946  0.888889  0.111111  0.984078  0.919385   0.8  0.795686
t537  0.218951  0.888889  0.111111  0.984084  0.919278   0.8  0.795702
t538  0.218956  0.888889  0.111111  0.984090  0.919171   0.8  0.795718
t539  0.218961  0.888889  0.111111  0.984096  0.919064   0.8  0.795734
t540  0.218966  0.888889  0.111111  0.984102  0.918958   0.8  0.795750
t541  0.218971  0.888889  0.111111  0.984108  0.918852   0.8  0.795766
t542  0.218976  0.888889  0.111111  0.984114  0.918747   0.8  0.795782
t543  0.218981  0.888889  0.111111  0.984120  0.918641   0.8  0.795798
t544  0.218985  0.888889  0.111111  0.984126  0.918536   0.8  0.795813
t545  0.218990  0.888889  0.111111  0.984132  0.918431   0.8  0.795829
t546  0.218995  0.888889  0.111111  0.984137  0.918327   0.8  0.795844
t547  0.219000  0.888889  0.111111  0.984143  0.918223   0.8  0.795859
t548  0.219004  0.888889  0.111111  0.984149  0.918119   0.8  0.795874
t549  0.219009  0.888889  0.111111  0.984154  0.918015   0.8  0.795889
t550  0.219014  0.888889  0.111111  0.984160  0.917912   0.8  0.795904
t551  0.219018  0.888889  0.111111  0.984166  0.917809   0.8  0.795919
t552  0.219023  0.888889  0.111111  0.984171  0.917706   0.8  0.795933
t553  0.219027  0.888889  0.111111  0.984177  0.917604   0.8  0.795947
t554  0.219032  0.888889  0.111111  0.984182  0.917501   0.8  0.795962
t555  0.219036  0.888889  0.111111  0.984187  0.917400   0.8  0.795976
t556  0.219040  0.888889  0.111111  0.984193  0.917298   0.8  0.795990
t557  0.219045  0.888889  0.111111  0.984198  0.917197   0.8  0.796004
t558  0.219049  0.888889  0.111111  0.984204  0.917096   0.8  0.796018
t559  0.219053  0.888889  0.111111  0.984209  0.916995   0.8  0.796032
t560  0.219057  0.888889  0.111111  0.984214  0.916895   0.8  0.796045
t561  0.219062  0.888889  0.111111  0.984219  0.916795   0.8  0.796059
t562  0.219066  0.888889  0.111111  0.984225  0.916695   0.8  0.796072
t563  0.219070  0.888889  0.111111  0.984230  0.916596   0.8  0.796085
t564  0.219074  0.888889  0.111111  0.984235  0.916497   0.8  0.796099
t565  0.219078  0.888889  0.111111  0.984240  0.916398   0.8  0.796112
t566  0.219082  0.888889  0.111111  0.984245  0.916299   0.8  0.796125
t567  0.219086  0.888889  0.111111  0.984250  0.916201   0.8  0.796137
t568  0.219090  0.888889  0.111111  0.984255  0.916103   0.8  0.796150
t569  0.219094  0.888889  0.111111  0.984260  0.916006   0.8  0.796163
t570  0.219098  0.888889  0.111111  0.984265  0.915908   0.8  0.796175
t571  0.219102  0.888889  0.111111  0.984270  0.915811   0.8  0.796188
t572  0.219105  0.888889  0.111111  0.984275  0.915715   0.8  0.796200
t573  0.219109  0.888889  0.111111  0.984280  0.915618   0.8  0.796212
t574  0.219113  0.888889  0.111111  0.984285  0.915522   0.8  0.796224
t575  0.219117  0.888889  0.111111  0.984289  0.915427   0.8  0.796236
t576  0.219120  0.888889  0.111111  0.984294  0.915331   0.8  0.796248
t577  0.219124  0.888889  0.111111  0.984299  0.915236   0.8  0.796260
t578  0.219128  0.888889  0.111111  0.984304  0.915141   0.8  0.796272
t579  0.219131  0.888889  0.111111  0.984308  0.915047   0.8  0.796283
t580  0.219135  0.888889  0.111111  0.984313  0.914953   0.8  0.796295
t581  0.219138  0.888889  0.111111  0.984318  0.914859   0.8  0.796306
t582  0.219142  0.888889  0.111111  0.984322  0.914765   0.8  0.796318
t583  0.219145  0.888889  0.111111  0.984327  0.914672   0.8  0.796329
t584  0.219149  0.888889  0.111111  0.984331  0.914579   0.8  0.796340
t585  0.219152  0.888889  0.111111  0.984336  0.914487   0.8  0.796351
t586  0.219155  0.888889  0.111111  0.984340  0.914394   0.8  0.796362
t587  0.219159  0.888889  0.111111  0.984345  0.914302   0.8  0.796373
t588  0.219162  0.888889  0.111111  0.984349  0.914211   0.8  0.796384
t589  0.219165  0.888889  0.111111  0.984354  0.914119   0.8  0.796394
t590  0.219169  0.888889  0.111111  0.984358  0.914028   0.8  0.796405
t591  0.219172  0.888889  0.111111  0.984363  0.913938   0.8  0.796416
t592  0.219175  0.888889  0.111111  0.984367  0.913847   0.8  0.796426
t593  0.219178  0.888889  0.111111  0.984371  0.913757   0.8  0.796436
t594  0.219181  0.888889  0.111111  0.984375  0.913668   0.8  0.796447
t595  0.219184  0.888889  0.111111  0.984380  0.913578   0.8  0.796457
t596  0.219188  0.888889  0.111111  0.984384  0.913489   0.8  0.796467
t597  0.219191  0.888889  0.111111  0.984388  0.913400   0.8  0.796477
t598  0.219194  0.888889  0.111111  0.984392  0.913312   0.8  0.796487
t599  0.219197  0.888889  0.111111  0.984396  0.913224   0.8  0.796496
t600  0.219200  0.888889  0.111111  0.984401  0.913136   0.8  0.796506
t601  0.219203  0.888889  0.111111  0.984405  0.913049   0.8  0.796516
t602  0.219206  0.888889  0.111111  0.984409  0.912962   0.8  0.796525
t603  0.219208  0.888889  0.111111  0.984413  0.912875   0.8  0.796535
t604  0.219211  0.888889  0.111111  0.984417  0.912788   0.8  0.796544
t605  0.219214  0.888889  0.111111  0.984421  0.912702   0.8  0.796554
t606  0.219217  0.888889  0.111111  0.984425  0.912616   0.8  0.796563
t607  0.219220  0.888889  0.111111  0.984429  0.912531   0.8  0.796572
t608  0.219223  0.888889  0.111111  0.984433  0.912446   0.8  0.796581
t609  0.219225  0.888889  0.111111  0.984436  0.912361   0.8  0.796590
t610  0.219228  0.888889  0.111111  0.984440  0.912276   0.8  0.796599
t611  0.219231  0.888889  0.111111  0.984444  0.912192   0.8  0.796608
t612  0.219234  0.888889  0.111111  0.984448  0.912108   0.8  0.796617
t613  0.219236  0.888889  0.111111  0.984452  0.912025   0.8  0.796625
t614  0.219239  0.888889  0.111111  0.984456  0.911941   0.8  0.796634
t615  0.219241  0.888889  0.111111  0.984459  0.911858   0.8  0.796642
t616  0.219244  0.888889  0.111111  0.984463  0.911776   0.8  0.796651
t617  0.219247  0.888889  0.111111  0.984467  0.911693   0.8  0.796659
t618  0.219249  0.888889  0.111111  0.984470  0.911612   0.8  0.796668
t619  0.219252  0.888889  0.111111  0.984474  0.911530   0.8  0.796676
t620  0.219254  0.888889  0.111111  0.984478  0.911449   0.8  0.796684
t621  0.219257  0.888889  0.111111  0.984481  0.911368   0.8  0.796692
t622  0.219259  0.888889  0.111111  0.984485  0.911287   0.8  0.796700
t623  0.219262  0.888889  0.111111  0.984489  0.911207   0.8  0.796708
t624  0.219264  0.888889  0.111111  0.984492  0.911127   0.8  0.796716
t625  0.219266  0.888889  0.111111  0.984496  0.911047   0.8  0.796724
t626  0.219269  0.888889  0.111111  0.984499  0.910968   0.8  0.796732
t627  0.219271  0.888889  0.111111  0.984503  0.910889   0.8  0.796740
t628  0.219274  0.888889  0.111111  0.984506  0.910810   0.8  0.796747
t629  0.219276  0.888889  0.111111  0.984509  0.910731   0.8  0.796755
t630  0.219278  0.888889  0.111111  0.984513  0.910653   0.8  0.796762
t631  0.219280  0.888889  0.111111  0.984516  0.910576   0.8  0.796770
t632  0.219283  0.888889  0.111111  0.984520  0.910498   0.8  0.796777
t633  0.219285  0.888889  0.111111  0.984523  0.910421   0.8  0.796784
t634  0.219287  0.888889  0.111111  0.984526  0.910344   0.8  0.796792
t635  0.219289  0.888889  0.111111  0.984530  0.910268   0.8  0.796799
t636  0.219291  0.888889  0.111111  0.984533  0.910192   0.8  0.796806
t637  0.219294  0.888889  0.111111  0.984536  0.910116   0.8  0.796813
t638  0.219296  0.888889  0.111111  0.984539  0.910040   0.8  0.796820
t639  0.219298  0.888889  0.111111  0.984543  0.909965   0.8  0.796827
t640  0.219300  0.888889  0.111111  0.984546  0.909890   0.8  0.796834
t641  0.219302  0.888889  0.111111  0.984549  0.909816   0.8  0.796841
t642  0.219304  0.888889  0.111111  0.984552  0.909742   0.8  0.796848
t643  0.219306  0.888889  0.111111  0.984555  0.909668   0.8  0.796854
t644  0.219308  0.888889  0.111111  0.984558  0.909594   0.8  0.796861
t645  0.219310  0.888889  0.111111  0.984562  0.909521   0.8  0.796868
t646  0.219312  0.888889  0.111111  0.984565  0.909448   0.8  0.796874
t647  0.219314  0.888889  0.111111  0.984568  0.909375   0.8  0.796881
t648  0.219316  0.888889  0.111111  0.984571  0.909303   0.8  0.796887
t649  0.219318  0.888889  0.111111  0.984574  0.909231   0.8  0.796893
t650  0.219320  0.888889  0.111111  0.984577  0.909159   0.8  0.796900
t651  0.219322  0.888889  0.111111  0.984580  0.909088   0.8  0.796906
t652  0.219324  0.888889  0.111111  0.984583  0.909017   0.8  0.796912
t653  0.219326  0.888889  0.111111  0.984586  0.908946   0.8  0.796918
t654  0.219328  0.888889  0.111111  0.984589  0.908876   0.8  0.796924
t655  0.219329  0.888889  0.111111  0.984591  0.908806   0.8  0.796930
t656  0.219331  0.888889  0.111111  0.984594  0.908736   0.8  0.796936
t657  0.219333  0.888889  0.111111  0.984597  0.908667   0.8  0.796942
t658  0.219335  0.888889  0.111111  0.984600  0.908598   0.8  0.796948
t659  0.219337  0.888889  0.111111  0.984603  0.908529   0.8  0.796954
t660  0.219338  0.888889  0.111111  0.984606  0.908460   0.8  0.796960
t661  0.219340  0.888889  0.111111  0.984609  0.908392   0.8  0.796966
t662  0.219342  0.888889  0.111111  0.984611  0.908324   0.8  0.796971
t663  0.219343  0.888889  0.111111  0.984614  0.908257   0.8  0.796977
t664  0.219345  0.888889  0.111111  0.984617  0.908189   0.8  0.796983
t665  0.219347  0.888889  0.111111  0.984620  0.908122   0.8  0.796988
t666  0.219349  0.888889  0.111111  0.984622  0.908056   0.8  0.796994
t667  0.219350  0.888889  0.111111  0.984625  0.907989   0.8  0.796999
t668  0.219352  0.888889  0.111111  0.984628  0.907923   0.8  0.797004
t669  0.219353  0.888889  0.111111  0.984630  0.907858   0.8  0.797010
t670  0.219355  0.888889  0.111111  0.984633  0.907792   0.8  0.797015
t671  0.219357  0.888889  0.111111  0.984636  0.907727   0.8  0.797020
t672  0.219358  0.888889  0.111111  0.984638  0.907662   0.8  0.797025
t673  0.219360  0.888889  0.111111  0.984641  0.907598   0.8  0.797031
t674  0.219361  0.888889  0.111111  0.984643  0.907534   0.8  0.797036
t675  0.219363  0.888889  0.111111  0.984646  0.907470   0.8  0.797041
t676  0.219364  0.888889  0.111111  0.984648  0.907406   0.8  0.797046
t677  0.219366  0.888889  0.111111  0.984651  0.907343   0.8  0.797051
t678  0.219367  0.888889  0.111111  0.984653  0.907280   0.8  0.797056
t679  0.219369  0.888889  0.111111  0.984656  0.907217   0.8  0.797061
t680  0.219370  0.888889  0.111111  0.984658  0.907155   0.8  0.797066
t681  0.219372  0.888889  0.111111  0.984661  0.907093   0.8  0.797070
t682  0.219373  0.888889  0.111111  0.984663  0.907031   0.8  0.797075
t683  0.219375  0.888889  0.111111  0.984666  0.906970   0.8  0.797080
t684  0.219376  0.888889  0.111111  0.984668  0.906908   0.8  0.797085
t685  0.219378  0.888889  0.111111  0.984671  0.906848   0.8  0.797089
t686  0.219379  0.888889  0.111111  0.984673  0.906787   0.8  0.797094
t687  0.219380  0.888889  0.111111  0.984675  0.906727   0.8  0.797098
t688  0.219382  0.888889  0.111111  0.984678  0.906667   0.8  0.797103
t689  0.219383  0.888889  0.111111  0.984680  0.906607   0.8  0.797107
t690  0.219384  0.888889  0.111111  0.984682  0.906548   0.8  0.797112
t691  0.219386  0.888889  0.111111  0.984685  0.906489   0.8  0.797116
t692  0.219387  0.888889  0.111111  0.984687  0.906430   0.8  0.797121
t693  0.219388  0.888889  0.111111  0.984689  0.906371   0.8  0.797125
t694  0.219390  0.888889  0.111111  0.984691  0.906313   0.8  0.797129
t695  0.219391  0.888889  0.111111  0.984694  0.906255   0.8  0.797133
t696  0.219392  0.888889  0.111111  0.984696  0.906197   0.8  0.797138
t697  0.219393  0.888889  0.111111  0.984698  0.906140   0.8  0.797142
t698  0.219395  0.888889  0.111111  0.984700  0.906083   0.8  0.797146
t699  0.219396  0.888889  0.111111  0.984703  0.906026   0.8  0.797150
t700  0.219397  0.888889  0.111111  0.984705  0.905970   0.8  0.797154
t701  0.219398  0.888889  0.111111  0.984707  0.905914   0.8  0.797158
t702  0.219400  0.888889  0.111111  0.984709  0.905858   0.8  0.797162
t703  0.219401  0.888889  0.111111  0.984711  0.905802   0.8  0.797166
t704  0.219402  0.888889  0.111111  0.984713  0.905747   0.8  0.797170
t705  0.219403  0.888889  0.111111  0.984715  0.905692   0.8  0.797174
t706  0.219404  0.888889  0.111111  0.984717  0.905637   0.8  0.797178
t707  0.219405  0.888889  0.111111  0.984720  0.905582   0.8  0.797182
t708  0.219407  0.888889  0.111111  0.984722  0.905528   0.8  0.797185
t709  0.219408  0.888889  0.111111  0.984724  0.905474   0.8  0.797189
t710  0.219409  0.888889  0.111111  0.984726  0.905421   0.8  0.797193
t711  0.219410  0.888889  0.111111  0.984728  0.905367   0.8  0.797197
t712  0.219411  0.888889  0.111111  0.984730  0.905314   0.8  0.797200
t713  0.219412  0.888889  0.111111  0.984732  0.905261   0.8  0.797204
t714  0.219413  0.888889  0.111111  0.984734  0.905209   0.8  0.797207
t715  0.219414  0.888889  0.111111  0.984736  0.905157   0.8  0.797211
t716  0.219415  0.888889  0.111111  0.984738  0.905105   0.8  0.797214
t717  0.219416  0.888889  0.111111  0.984740  0.905053   0.8  0.797218
t718  0.219417  0.888889  0.111111  0.984742  0.905001   0.8  0.797221
t719  0.219418  0.888889  0.111111  0.984743  0.904950   0.8  0.797225
t720  0.219419  0.888889  0.111111  0.984745  0.904899   0.8  0.797228
t721  0.219420  0.888889  0.111111  0.984747  0.904849   0.8  0.797232
t722  0.219421  0.888889  0.111111  0.984749  0.904798   0.8  0.797235
t723  0.219422  0.888889  0.111111  0.984751  0.904748   0.8  0.797238
t724  0.219423  0.888889  0.111111  0.984753  0.904698   0.8  0.797242
t725  0.219424  0.888889  0.111111  0.984755  0.904649   0.8  0.797245
t726  0.219425  0.888889  0.111111  0.984756  0.904600   0.8  0.797248
t727  0.219426  0.888889  0.111111  0.984758  0.904551   0.8  0.797251
t728  0.219427  0.888889  0.111111  0.984760  0.904502   0.8  0.797254
t729  0.219428  0.888889  0.111111  0.984762  0.904453   0.8  0.797258
t730  0.219429  0.888889  0.111111  0.984764  0.904405   0.8  0.797261
t731  0.219430  0.888889  0.111111  0.984765  0.904357   0.8  0.797264
t732  0.219431  0.888889  0.111111  0.984767  0.904309   0.8  0.797267
t733  0.219432  0.888889  0.111111  0.984769  0.904262   0.8  0.797270
t734  0.219433  0.888889  0.111111  0.984771  0.904215   0.8  0.797273
t735  0.219434  0.888889  0.111111  0.984772  0.904168   0.8  0.797276
t736  0.219435  0.888889  0.111111  0.984774  0.904121   0.8  0.797279
t737  0.219436  0.888889  0.111111  0.984776  0.904075   0.8  0.797282
t738  0.219436  0.888889  0.111111  0.984778  0.904028   0.8  0.797285
t739  0.219437  0.888889  0.111111  0.984779  0.903983   0.8  0.797287
t740  0.219438  0.888889  0.111111  0.984781  0.903937   0.8  0.797290
t741  0.219439  0.888889  0.111111  0.984783  0.903891   0.8  0.797293
t742  0.219440  0.888889  0.111111  0.984784  0.903846   0.8  0.797296
t743  0.219441  0.888889  0.111111  0.984786  0.903801   0.8  0.797299
t744  0.219441  0.888889  0.111111  0.984787  0.903757   0.8  0.797301
t745  0.219442  0.888889  0.111111  0.984789  0.903712   0.8  0.797304
t746  0.219443  0.888889  0.111111  0.984791  0.903668   0.8  0.797307
t747  0.219444  0.888889  0.111111  0.984792  0.903624   0.8  0.797310
t748  0.219445  0.888889  0.111111  0.984794  0.903581   0.8  0.797312
t749  0.219445  0.888889  0.111111  0.984795  0.903537   0.8  0.797315
t750  0.219446  0.888889  0.111111  0.984797  0.903494   0.8  0.797317
t751  0.219447  0.888889  0.111111  0.984798  0.903451   0.8  0.797320
t752  0.219448  0.888889  0.111111  0.984800  0.903408   0.8  0.797323
t753  0.219449  0.888889  0.111111  0.984802  0.903366   0.8  0.797325
t754  0.219449  0.888889  0.111111  0.984803  0.903324   0.8  0.797328
t755  0.219450  0.888889  0.111111  0.984805  0.903282   0.8  0.797330
t756  0.219451  0.888889  0.111111  0.984806  0.903240   0.8  0.797333
t757  0.219451  0.888889  0.111111  0.984808  0.903198   0.8  0.797335
t758  0.219452  0.888889  0.111111  0.984809  0.903157   0.8  0.797337
t759  0.219453  0.888889  0.111111  0.984810  0.903116   0.8  0.797340
t760  0.219454  0.888889  0.111111  0.984812  0.903075   0.8  0.797342
t761  0.219454  0.888889  0.111111  0.984813  0.903035   0.8  0.797345
t762  0.219455  0.888889  0.111111  0.984815  0.902994   0.8  0.797347
t763  0.219456  0.888889  0.111111  0.984816  0.902954   0.8  0.797349
t764  0.219456  0.888889  0.111111  0.984818  0.902914   0.8  0.797352
t765  0.219457  0.888889  0.111111  0.984819  0.902875   0.8  0.797354
t766  0.219458  0.888889  0.111111  0.984820  0.902835   0.8  0.797356
t767  0.219458  0.888889  0.111111  0.984822  0.902796   0.8  0.797358
t768  0.219459  0.888889  0.111111  0.984823  0.902757   0.8  0.797361
t769  0.219460  0.888889  0.111111  0.984825  0.902718   0.8  0.797363
t770  0.219460  0.888889  0.111111  0.984826  0.902680   0.8  0.797365
t771  0.219461  0.888889  0.111111  0.984827  0.902642   0.8  0.797367
t772  0.219462  0.888889  0.111111  0.984829  0.902604   0.8  0.797369
t773  0.219462  0.888889  0.111111  0.984830  0.902566   0.8  0.797371
t774  0.219463  0.888889  0.111111  0.984831  0.902528   0.8  0.797373
t775  0.219464  0.888889  0.111111  0.984833  0.902491   0.8  0.797375
t776  0.219464  0.888889  0.111111  0.984834  0.902454   0.8  0.797378
t777  0.219465  0.888889  0.111111  0.984835  0.902417   0.8  0.797380
t778  0.219465  0.888889  0.111111  0.984837  0.902380   0.8  0.797382
t779  0.219466  0.888889  0.111111  0.984838  0.902343   0.8  0.797384
t780  0.219467  0.888889  0.111111  0.984839  0.902307   0.8  0.797386
t781  0.219467  0.888889  0.111111  0.984840  0.902271   0.8  0.797388
t782  0.219468  0.888889  0.111111  0.984842  0.902235   0.8  0.797390
t783  0.219468  0.888889  0.111111  0.984843  0.902199   0.8  0.797391
t784  0.219469  0.888889  0.111111  0.984844  0.902164   0.8  0.797393
t785  0.219469  0.888889  0.111111  0.984845  0.902129   0.8  0.797395
t786  0.219470  0.888889  0.111111  0.984847  0.902094   0.8  0.797397
t787  0.219471  0.888889  0.111111  0.984848  0.902059   0.8  0.797399
t788  0.219471  0.888889  0.111111  0.984849  0.902024   0.8  0.797401
t789  0.219472  0.888889  0.111111  0.984850  0.901990   0.8  0.797403
t790  0.219472  0.888889  0.111111  0.984851  0.901956   0.8  0.797404
t791  0.219473  0.888889  0.111111  0.984852  0.901922   0.8  0.797406
t792  0.219473  0.888889  0.111111  0.984854  0.901888   0.8  0.797408
t793  0.219474  0.888889  0.111111  0.984855  0.901854   0.8  0.797410
t794  0.219474  0.888889  0.111111  0.984856  0.901821   0.8  0.797412
t795  0.219475  0.888889  0.111111  0.984857  0.901788   0.8  0.797413
t796  0.219475  0.888889  0.111111  0.984858  0.901755   0.8  0.797415
t797  0.219476  0.888889  0.111111  0.984859  0.901722   0.8  0.797417
t798  0.219476  0.888889  0.111111  0.984861  0.901689   0.8  0.797418
t799  0.219477  0.888889  0.111111  0.984862  0.901657   0.8  0.797420
t800  0.219477  0.888889  0.111111  0.984863  0.901625   0.8  0.797422