        H_grow  Han_grow    A_grow   decay_H   decay_A   Ammonia  hydro_org   hydro_N
t          NaN       NaN       NaN       NaN       NaN       NaN        NaN       NaN
t1    0.003010  0.000287  0.000038  0.000556  0.000008  0.000898   0.001516  0.000257
t2    0.003031  0.000289  0.000039  0.000565  0.000008  0.000879   0.001541  0.000260
t3    0.003050  0.000291  0.000039  0.000574  0.000008  0.000860   0.001567  0.000264
t4    0.003065  0.000292  0.000039  0.000584  0.000008  0.000841   0.001592  0.000268
t5    0.003077  0.000293  0.000039  0.000593  0.000008  0.000823   0.001616  0.000272
t6    0.003084  0.000294  0.000039  0.000603  0.000008  0.000805   0.001641  0.000275
t7    0.003088  0.000295  0.000040  0.000612  0.000008  0.000788   0.001666  0.000279
t8    0.003088  0.000295  0.000040  0.000621  0.000008  0.000771   0.001690  0.000283
t9    0.003082  0.000294  0.000040  0.000630  0.000008  0.000754   0.001714  0.000286
t10   0.003071  0.000293  0.000040  0.000639  0.000008  0.000738   0.001738  0.000290
t11   0.003055  0.000292  0.000040  0.000648  0.000008  0.000723   0.001761  0.000293
t12   0.003033  0.000290  0.000040  0.000656  0.000008  0.000708   0.001784  0.000296
t13   0.003006  0.000287  0.000040  0.000665  0.000008  0.000694   0.001806  0.000299
t14   0.002972  0.000284  0.000041  0.000673  0.000008  0.000680   0.001828  0.000302
t15   0.002931  0.000280  0.000041  0.000681  0.000008  0.000666   0.001849  0.000305
t16   0.002884  0.000276  0.000041  0.000689  0.000008  0.000653   0.001869  0.000308
t17   0.002831  0.000271  0.000041  0.000697  0.000008  0.000641   0.001889  0.000311
t18   0.002772  0.000265  0.000041  0.000704  0.000008  0.000629   0.001908  0.000313
t19   0.002707  0.000259  0.000041  0.000711  0.000008  0.000617   0.001926  0.000315
t20   0.002637  0.000252  0.000042  0.000718  0.000008  0.000606   0.001944  0.000318
t21   0.002562  0.000245  0.000042  0.000724  0.000008  0.000595   0.001960  0.000320
t22   0.002484  0.000238  0.000042  0.000730  0.000008  0.000585   0.001976  0.000321
t23   0.002404  0.000230  0.000042  0.000736  0.000008  0.000575   0.001990  0.000323
t24   0.002322  0.000222  0.000042  0.000741  0.000008  0.000566   0.002004  0.000325
t25   0.002241  0.000215  0.000042  0.000746  0.000008  0.000557   0.002016  0.000326
t26   0.002161  0.000207  0.000042  0.000751  0.000008  0.000548   0.002028  0.000327
t27   0.002083  0.000200  0.000043  0.000755  0.000008  0.000540   0.002039  0.000328
t28   0.002010  0.000193  0.000043  0.000759  0.000008  0.000532   0.002049  0.000329
t29   0.001940  0.000186  0.000043  0.000762  0.000008  0.000525   0.002057  0.000330
t30   0.001877  0.000180  0.000043  0.000766  0.000008  0.000518   0.002066  0.000330
t31   0.001819  0.000174  0.000043  0.000769  0.000008  0.000511   0.002073  0.000331
t32   0.001766  0.000169  0.000043  0.000771  0.000008  0.000505   0.002080  0.000331
t33   0.001720  0.000165  0.000043  0.000774  0.000009  0.000499   0.002086  0.000332
t34   0.001680  0.000161  0.000044  0.000776  0.000009  0.000493   0.002091  0.000332
t35   0.001644  0.000158  0.000044  0.000778  0.000009  0.000488   0.002097  0.000332
t36   0.001614  0.000155  0.000044  0.000780  0.000009  0.000483   0.002101  0.000332
t37   0.001588  0.000153  0.000044  0.000782  0.000009  0.000478   0.002106  0.000332
t38   0.001567  0.000150  0.000044  0.000784  0.000009  0.000474   0.002110  0.000332
t39   0.001548  0.000149  0.000044  0.000785  0.000009  0.000470   0.002113  0.000332
t40   0.001533  0.000147  0.000044  0.000787  0.000009  0.000466   0.002117  0.000331
t41   0.001521  0.000146  0.000045  0.000788  0.000009  0.000462   0.002120  0.000331
t42   0.001511  0.000145  0.000045  0.000790  0.000009  0.000459   0.002123  0.000331
t43   0.001502  0.000144  0.000045  0.000791  0.000009  0.000456   0.002126  0.000331
t44   0.001496  0.000144  0.000045  0.000793  0.000009  0.000453   0.002129  0.000330
t45   0.001490  0.000143  0.000045  0.000794  0.000009  0.000450   0.002132  0.000330
t46   0.001486  0.000143  0.000045  0.000795  0.000009  0.000447   0.002134  0.000330
t47   0.001483  0.000143  0.000045  0.000796  0.000009  0.000445   0.002137  0.000330
t48   0.001480  0.000142  0.000045  0.000797  0.000009  0.000443   0.002140  0.000329
t49   0.001478  0.000142  0.000046  0.000799  0.000009  0.000441   0.002142  0.000329
t50   0.001477  0.000142  0.000046  0.000800  0.000009  0.000439   0.002144  0.000329
t51   0.001476  0.000142  0.000046  0.000801  0.000009  0.000437   0.002147  0.000328
t52   0.001476  0.000142  0.000046  0.000802  0.000009  0.000435   0.002149  0.000328
t53   0.001475  0.000142  0.000046  0.000803  0.000009  0.000433   0.002151  0.000328
t54   0.001475  0.000142  0.000046  0.000804  0.000009  0.000432   0.002153  0.000327
t55   0.001475  0.000142  0.000046  0.000805  0.000009  0.000430   0.002155  0.000327
t56   0.001476  0.000142  0.000046  0.000806  0.000009  0.000429   0.002158  0.000327
t57   0.001476  0.000142  0.000047  0.000807  0.000009  0.000428   0.002160  0.000326
t58   0.001477  0.000142  0.000047  0.000808  0.000009  0.000427   0.002162  0.000326
t59   0.001477  0.000143  0.000047  0.000810  0.000009  0.000426   0.002164  0.000325
t60   0.001478  0.000143  0.000047  0.000811  0.000009  0.000425   0.002166  0.000325
t61   0.001479  0.000143  0.000047  0.000812  0.000009  0.000424   0.002168  0.000325
t62   0.001479  0.000143  0.000047  0.000813  0.000009  0.000423   0.002169  0.000324
t63   0.001480  0.000143  0.000047  0.000814  0.000009  0.000422   0.002171  0.000324
t64   0.001481  0.000143  0.000047  0.000815  0.000009  0.000421   0.002173  0.000324
t65   0.001482  0.000143  0.000048  0.000816  0.000009  0.000420   0.002175  0.000323
t66   0.001483  0.000143  0.000048  0.000817  0.000009  0.000419   0.002177  0.000323
t67   0.001484  0.000143  0.000048  0.000818  0.000009  0.000418   0.002179  0.000323
t68   0.001484  0.000143  0.000048  0.000819  0.000009  0.000418   0.002180  0.000322
t69   0.001485  0.000144  0.000048  0.000819  0.000009  0.000417   0.002182  0.000322
t70   0.001486  0.000144  0.000048  0.000820  0.000009  0.000416   0.002184  0.000321
t71   0.001487  0.000144  0.000048  0.000821  0.000009  0.000416   0.002185  0.000321
t72   0.001488  0.000144  0.000048  0.000822  0.000009  0.000415   0.002187  0.000321
t73   0.001489  0.000144  0.000049  0.000823  0.000009  0.000415   0.002188  0.000320
t74   0.001489  0.000144  0.000049  0.000824  0.000009  0.000414   0.002190  0.000320
t75   0.001490  0.000144  0.000049  0.000825  0.000010  0.000413   0.002191  0.000320
t76   0.001491  0.000144  0.000049  0.000826  0.000010  0.000413   0.002193  0.000319
t77   0.001492  0.000144  0.000049  0.000827  0.000010  0.000412   0.002194  0.000319
t78   0.001492  0.000144  0.000049  0.000828  0.000010  0.000412   0.002196  0.000318
t79   0.001493  0.000144  0.000049  0.000829  0.000010  0.000411   0.002197  0.000318
t80   0.001494  0.000145  0.000049  0.000830  0.000010  0.000411   0.002199  0.000318
t81   0.001495  0.000145  0.000050  0.000831  0.000010  0.000410   0.002200  0.000317
t82   0.001495  0.000145  0.000050  0.000831  0.000010  0.000410   0.002201  0.000317
t83   0.001496  0.000145  0.000050  0.000832  0.000010  0.000410   0.002202  0.000317
t84   0.001497  0.000145  0.000050  0.000833  0.000010  0.000409   0.002204  0.000316
t85   0.001497  0.000145  0.000050  0.000834  0.000010  0.000409   0.002205  0.000316
t86   0.001498  0.000145  0.000050  0.000835  0.000010  0.000408   0.002206  0.000315
t87   0.001499  0.000145  0.000050  0.000836  0.000010  0.000408   0.002207  0.000315
t88   0.001499  0.000145  0.000050  0.000837  0.000010  0.000407   0.002208  0.000315
t89   0.001500  0.000145  0.000050  0.000837  0.000010  0.000407   0.002210  0.000314
t90   0.001500  0.000145  0.000051  0.000838  0.000010  0.000406   0.002211  0.000314
t91   0.001501  0.000145  0.000051  0.000839  0.000010  0.000406   0.002212  0.000314
t92   0.001501  0.000146  0.000051  0.000840  0.000010  0.000406   0.002213  0.000313
t93   0.001502  0.000146  0.000051  0.000841  0.000010  0.000405   0.002214  0.000313
t94   0.001502  0.000146  0.000051  0.000841  0.000010  0.000405   0.002215  0.000313
t95   0.001503  0.000146  0.000051  0.000842  0.000010  0.000404   0.002215  0.000312
t96   0.001503  0.000146  0.000051  0.000843  0.000010  0.000404   0.002216  0.000312
t97   0.001504  0.000146  0.000051  0.000844  0.000010  0.000404   0.002217  0.000311
t98   0.001504  0.000146  0.000051  0.000845  0.000010  0.000403   0.002218  0.000311
t99   0.001505  0.000146  0.000052  0.000845  0.000010  0.000403   0.002219  0.000311
t100  0.001505  0.000146  0.000052  0.000846  0.000010  0.000403   0.002219  0.000310
t101  0.001506  0.000146  0.000052  0.000847  0.000010  0.000402   0.002220  0.000310
t102  0.001506  0.000146  0.000052  0.000848  0.000010  0.000402   0.002221  0.000310
t103  0.001506  0.000146  0.000052  0.000848  0.000010  0.000401   0.002222  0.000309
t104  0.001507  0.000146  0.000052  0.000849  0.000010  0.000401   0.002222  0.000309
t105  0.001507  0.000146  0.000052  0.000850  0.000010  0.000401   0.002223  0.000309
t106  0.001507  0.000146  0.000052  0.000851  0.000010  0.000400   0.002223  0.000308
t107  0.001508  0.000146  0.000052  0.000851  0.000010  0.000400   0.002224  0.000308
t108  0.001508  0.000146  0.000052  0.000852  0.000010  0.000400   0.002224  0.000308
t109  0.001508  0.000146  0.000053  0.000853  0.000010  0.000399   0.002225  0.000307
t110  0.001509  0.000147  0.000053  0.000853  0.000010  0.000399   0.002225  0.000307
t111  0.001509  0.000147  0.000053  0.000854  0.000010  0.000399   0.002226  0.000306
t112  0.001509  0.000147  0.000053  0.000855  0.000010  0.000398   0.002226  0.000306
t113  0.001509  0.000147  0.000053  0.000856  0.000010  0.000398   0.002226  0.000306
t114  0.001509  0.000147  0.000053  0.000856  0.000010  0.000397   0.002227  0.000305
t115  0.001510  0.000147  0.000053  0.000857  0.000010  0.000397   0.002227  0.000305
t116  0.001510  0.000147  0.000053  0.000858  0.000010  0.000397   0.002227  0.000305
t117  0.001510  0.000147  0.000053  0.000858  0.000010  0.000396   0.002227  0.000304
t118  0.001510  0.000147  0.000053  0.000859  0.000010  0.000396   0.002227  0.000304
t119  0.001510  0.000147  0.000054  0.000859  0.000010  0.000396   0.002227  0.000304
t120  0.001510  0.000147  0.000054  0.000860  0.000010  0.000395   0.002228  0.000303
t121  0.001510  0.000147  0.000054  0.000861  0.000010  0.000395   0.002228  0.000303
t122  0.001510  0.000147  0.000054  0.000861  0.000011  0.000395   0.002228  0.000303
t123  0.001510  0.000147  0.000054  0.000862  0.000011  0.000394   0.002228  0.000302
t124  0.001510  0.000147  0.000054  0.000863  0.000011  0.000394   0.002227  0.000302
t125  0.001510  0.000147  0.000054  0.000863  0.000011  0.000394   0.002227  0.000302
t126  0.001510  0.000147  0.000054  0.000864  0.000011  0.000393   0.002227  0.000301
t127  0.001510  0.000147  0.000054  0.000864  0.000011  0.000393   0.002227  0.000301
t128  0.001510  0.000147  0.000054  0.000865  0.000011  0.000393   0.002227  0.000301
t129  0.001510  0.000147  0.000055  0.000866  0.000011  0.000392   0.002227  0.000300
t130  0.001510  0.000147  0.000055  0.000866  0.000011  0.000392   0.002226  0.000300
t131  0.001510  0.000147  0.000055  0.000867  0.000011  0.000392   0.002226  0.000300
t132  0.001510  0.000147  0.000055  0.000867  0.000011  0.000391   0.002226  0.000299
t133  0.001510  0.000147  0.000055  0.000868  0.000011  0.000391   0.002225  0.000299
t134  0.001510  0.000147  0.000055  0.000868  0.000011  0.000391   0.002225  0.000299
t135  0.001509  0.000147  0.000055  0.000869  0.000011  0.000390   0.002224  0.000299
t136  0.001509  0.000147  0.000055  0.000869  0.000011  0.000390   0.002224  0.000298
t137  0.001509  0.000147  0.000055  0.000870  0.000011  0.000390   0.002223  0.000298
t138  0.001509  0.000147  0.000055  0.000871  0.000011  0.000389   0.002223  0.000298
t139  0.001508  0.000147  0.000056  0.000871  0.000011  0.000389   0.002222  0.000297
t140  0.001508  0.000147  0.000056  0.000872  0.000011  0.000389   0.002222  0.000297
t141  0.001508  0.000147  0.000056  0.000872  0.000011  0.000388   0.002221  0.000297
t142  0.001508  0.000147  0.000056  0.000873  0.000011  0.000388   0.002220  0.000296
t143  0.001507  0.000147  0.000056  0.000873  0.000011  0.000388   0.002220  0.000296
t144  0.001507  0.000147  0.000056  0.000874  0.000011  0.000387   0.002219  0.000296
t145  0.001507  0.000147  0.000056  0.000874  0.000011  0.000387   0.002218  0.000295
t146  0.001506  0.000147  0.000056  0.000875  0.000011  0.000387   0.002217  0.000295
t147  0.001506  0.000147  0.000056  0.000875  0.000011  0.000386   0.002216  0.000295
t148  0.001505  0.000147  0.000056  0.000875  0.000011  0.000386   0.002215  0.000294
t149  0.001505  0.000147  0.000056  0.000876  0.000011  0.000386   0.002214  0.000294
t150  0.001504  0.000147  0.000057  0.000876  0.000011  0.000386   0.002213  0.000294
t151  0.001504  0.000147  0.000057  0.000877  0.000011  0.000385   0.002212  0.000293
t152  0.001503  0.000147  0.000057  0.000877  0.000011  0.000385   0.002211  0.000293
t153  0.001503  0.000147  0.000057  0.000878  0.000011  0.000385   0.002210  0.000293
t154  0.001502  0.000146  0.000057  0.000878  0.000011  0.000384   0.002209  0.000292
t155  0.001502  0.000146  0.000057  0.000879  0.000011  0.000384   0.002208  0.000292
t156  0.001501  0.000146  0.000057  0.000879  0.000011  0.000384   0.002207  0.000292
t157  0.001501  0.000146  0.000057  0.000879  0.000011  0.000383   0.002205  0.000291
t158  0.001500  0.000146  0.000057  0.000880  0.000011  0.000383   0.002204  0.000291
t159  0.001500  0.000146  0.000057  0.000880  0.000011  0.000383   0.002203  0.000291
t160  0.001499  0.000146  0.000057  0.000881  0.000011  0.000382   0.002201  0.000291
t161  0.001498  0.000146  0.000057  0.000881  0.000011  0.000382   0.002200  0.000290
t162  0.001498  0.000146  0.000058  0.000881  0.000011  0.000382   0.002199  0.000290
t163  0.001497  0.000146  0.000058  0.000882  0.000011  0.000381   0.002197  0.000290
t164  0.001496  0.000146  0.000058  0.000882  0.000011  0.000381   0.002196  0.000289
t165  0.001495  0.000146  0.000058  0.000882  0.000011  0.000381   0.002194  0.000289
t166  0.001495  0.000146  0.000058  0.000883  0.000011  0.000380   0.002193  0.000289
t167  0.001494  0.000146  0.000058  0.000883  0.000011  0.000380   0.002191  0.000288
t168  0.001493  0.000146  0.000058  0.000883  0.000011  0.000380   0.002189  0.000288
t169  0.001492  0.000146  0.000058  0.000884  0.000011  0.000379   0.002188  0.000288
t170  0.001491  0.000146  0.000058  0.000884  0.000011  0.000379   0.002186  0.000287
t171  0.001491  0.000145  0.000058  0.000884  0.000011  0.000379   0.002184  0.000287
t172  0.001490  0.000145  0.000058  0.000885  0.000011  0.000379   0.002183  0.000287
t173  0.001489  0.000145  0.000058  0.000885  0.000011  0.000378   0.002181  0.000286
t174  0.001488  0.000145  0.000059  0.000885  0.000011  0.000378   0.002179  0.000286
t175  0.001487  0.000145  0.000059  0.000886  0.000011  0.000378   0.002177  0.000286
t176  0.001486  0.000145  0.000059  0.000886  0.000011  0.000377   0.002175  0.000285
t177  0.001485  0.000145  0.000059  0.000886  0.000011  0.000377   0.002173  0.000285
t178  0.001484  0.000145  0.000059  0.000886  0.000012  0.000377   0.002171  0.000285
t179  0.001483  0.000145  0.000059  0.000887  0.000012  0.000376   0.002170  0.000284
t180  0.001482  0.000145  0.000059  0.000887  0.000012  0.000376   0.002168  0.000284
t181  0.001481  0.000145  0.000059  0.000887  0.000012  0.000376   0.002166  0.000284
t182  0.001480  0.000145  0.000059  0.000887  0.000012  0.000375   0.002163  0.000283
t183  0.001479  0.000144  0.000059  0.000888  0.000012  0.000375   0.002161  0.000283
t184  0.001478  0.000144  0.000059  0.000888  0.000012  0.000375   0.002159  0.000283
t185  0.001477  0.000144  0.000059  0.000888  0.000012  0.000374   0.002157  0.000282
t186  0.001476  0.000144  0.000059  0.000888  0.000012  0.000374   0.002155  0.000282
t187  0.001475  0.000144  0.000060  0.000889  0.000012  0.000374   0.002153  0.000282
t188  0.001474  0.000144  0.000060  0.000889  0.000012  0.000373   0.002151  0.000281
t189  0.001473  0.000144  0.000060  0.000889  0.000012  0.000373   0.002149  0.000281
t190  0.001472  0.000144  0.000060  0.000889  0.000012  0.000373   0.002146  0.000281
t191  0.001471  0.000144  0.000060  0.000889  0.000012  0.000372   0.002144  0.000280
t192  0.001470  0.000144  0.000060  0.000889  0.000012  0.000372   0.002142  0.000280
t193  0.001468  0.000143  0.000060  0.000890  0.000012  0.000372   0.002140  0.000280
t194  0.001467  0.000143  0.000060  0.000890  0.000012  0.000371   0.002137  0.000279
t195  0.001466  0.000143  0.000060  0.000890  0.000012  0.000371   0.002135  0.000279
t196  0.001465  0.000143  0.000060  0.000890  0.000012  0.000371   0.002133  0.000279
t197  0.001464  0.000143  0.000060  0.000890  0.000012  0.000370   0.002130  0.000278
t198  0.001463  0.000143  0.000060  0.000890  0.000012  0.000370   0.002128  0.000278
t199  0.001461  0.000143  0.000060  0.000891  0.000012  0.000370   0.002126  0.000278
t200  0.001460  0.000143  0.000061  0.000891  0.000012  0.000369   0.002123  0.000277
t201  0.001459  0.000143  0.000061  0.000891  0.000012  0.000369   0.002121  0.000277
t202  0.001458  0.000143  0.000061  0.000891  0.000012  0.000369   0.002119  0.000277
t203  0.001457  0.000142  0.000061  0.000891  0.000012  0.000368   0.002116  0.000276
t204  0.001455  0.000142  0.000061  0.000891  0.000012  0.000368   0.002114  0.000276
t205  0.001454  0.000142  0.000061  0.000891  0.000012  0.000368   0.002112  0.000276
t206  0.001453  0.000142  0.000061  0.000891  0.000012  0.000367   0.002109  0.000275
t207  0.001452  0.000142  0.000061  0.000892  0.000012  0.000367   0.002107  0.000275
t208  0.001450  0.000142  0.000061  0.000892  0.000012  0.000367   0.002104  0.000275
t209  0.001449  0.000142  0.000061  0.000892  0.000012  0.000366   0.002102  0.000274
t210  0.001448  0.000142  0.000061  0.000892  0.000012  0.000366   0.002099  0.000274
t211  0.001447  0.000141  0.000061  0.000892  0.000012  0.000366   0.002097  0.000273
t212  0.001445  0.000141  0.000061  0.000892  0.000012  0.000365   0.002095  0.000273
t213  0.001444  0.000141  0.000061  0.000892  0.000012  0.000365   0.002092  0.000273
t214  0.001443  0.000141  0.000061  0.000892  0.000012  0.000365   0.002090  0.000272
t215  0.001442  0.000141  0.000062  0.000892  0.000012  0.000364   0.002087  0.000272
t216  0.001440  0.000141  0.000062  0.000892  0.000012  0.000364   0.002085  0.000272
t217  0.001439  0.000141  0.000062  0.000892  0.000012  0.000364   0.002083  0.000272
t218  0.001438  0.000141  0.000062  0.000892  0.000012  0.000363   0.002080  0.000271
t219  0.001437  0.000141  0.000062  0.000892  0.000012  0.000363   0.002078  0.000271
t220  0.001435  0.000140  0.000062  0.000892  0.000012  0.000363   0.002075  0.000271
t221  0.001434  0.000140  0.000062  0.000892  0.000012  0.000362   0.002073  0.000270
t222  0.001433  0.000140  0.000062  0.000892  0.000012  0.000362   0.002071  0.000270
t223  0.001432  0.000140  0.000062  0.000892  0.000012  0.000362   0.002068  0.000270
t224  0.001430  0.000140  0.000062  0.000892  0.000012  0.000361   0.002066  0.000269
t225  0.001429  0.000140  0.000062  0.000892  0.000012  0.000361   0.002064  0.000269
t226  0.001428  0.000140  0.000062  0.000892  0.000012  0.000361   0.002061  0.000269
t227  0.001427  0.000140  0.000062  0.000892  0.000012  0.000360   0.002059  0.000268
t228  0.001425  0.000140  0.000062  0.000892  0.000012  0.000360   0.002057  0.000268
t229  0.001424  0.000139  0.000062  0.000892  0.000012  0.000360   0.002055  0.000268
t230  0.001423  0.000139  0.000063  0.000892  0.000012  0.000359   0.002052  0.000267
t231  0.001422  0.000139  0.000063  0.000892  0.000012  0.000359   0.002050  0.000267
t232  0.001421  0.000139  0.000063  0.000892  0.000012  0.000359   0.002048  0.000267
t233  0.001420  0.000139  0.000063  0.000892  0.000012  0.000358   0.002046  0.000267
t234  0.001418  0.000139  0.000063  0.000892  0.000012  0.000358   0.002044  0.000266
t235  0.001417  0.000139  0.000063  0.000892  0.000012  0.000358   0.002041  0.000266
t236  0.001416  0.000139  0.000063  0.000892  0.000012  0.000358   0.002039  0.000266
t237  0.001415  0.000139  0.000063  0.000892  0.000012  0.000357   0.002037  0.000265
t238  0.001414  0.000138  0.000063  0.000892  0.000012  0.000357   0.002035  0.000265
t239  0.001413  0.000138  0.000063  0.000892  0.000012  0.000357   0.002033  0.000265
t240  0.001412  0.000138  0.000063  0.000892  0.000012  0.000356   0.002031  0.000265
t241  0.001410  0.000138  0.000063  0.000892  0.000012  0.000356   0.002029  0.000264
t242  0.001409  0.000138  0.000063  0.000892  0.000012  0.000356   0.002027  0.000264
t243  0.001408  0.000138  0.000063  0.000892  0.000012  0.000355   0.002025  0.000264
t244  0.001407  0.000138  0.000063  0.000891  0.000012  0.000355   0.002023  0.000264
t245  0.001406  0.000138  0.000063  0.000891  0.000012  0.000355   0.002021  0.000263
t246  0.001405  0.000138  0.000064  0.000891  0.000012  0.000355   0.002019  0.000263
t247  0.001404  0.000138  0.000064  0.000891  0.000013  0.000354   0.002017  0.000263
t248  0.001403  0.000137  0.000064  0.000891  0.000013  0.000354   0.002015  0.000263
t249  0.001402  0.000137  0.000064  0.000891  0.000013  0.000354   0.002014  0.000262
t250  0.001401  0.000137  0.000064  0.000891  0.000013  0.000354   0.002012  0.000262
t251  0.001400  0.000137  0.000064  0.000891  0.000013  0.000353   0.002010  0.000262
t252  0.001399  0.000137  0.000064  0.000891  0.000013  0.000353   0.002008  0.000262
t253  0.001398  0.000137  0.000064  0.000891  0.000013  0.000353   0.002006  0.000261
t254  0.001397  0.000137  0.000064  0.000891  0.000013  0.000353   0.002005  0.000261
t255  0.001396  0.000137  0.000064  0.000890  0.000013  0.000352   0.002003  0.000261
t256  0.001395  0.000137  0.000064  0.000890  0.000013  0.000352   0.002001  0.000261
t257  0.001394  0.000137  0.000064  0.000890  0.000013  0.000352   0.002000  0.000261
t258  0.001394  0.000137  0.000064  0.000890  0.000013  0.000352   0.001998  0.000260
t259  0.001393  0.000136  0.000064  0.000890  0.000013  0.000351   0.001997  0.000260
t260  0.001392  0.000136  0.000064  0.000890  0.000013  0.000351   0.001995  0.000260
t261  0.001391  0.000136  0.000064  0.000890  0.000013  0.000351   0.001993  0.000260
t262  0.001390  0.000136  0.000064  0.000890  0.000013  0.000351   0.001992  0.000260
t263  0.001389  0.000136  0.000064  0.000889  0.000013  0.000350   0.001990  0.000259
t264  0.001388  0.000136  0.000065  0.000889  0.000013  0.000350   0.001989  0.000259
t265  0.001388  0.000136  0.000065  0.000889  0.000013  0.000350   0.001988  0.000259
t266  0.001387  0.000136  0.000065  0.000889  0.000013  0.000350   0.001986  0.000259
t267  0.001386  0.000136  0.000065  0.000889  0.000013  0.000350   0.001985  0.000259
t268  0.001385  0.000136  0.000065  0.000889  0.000013  0.000349   0.001983  0.000258
t269  0.001385  0.000136  0.000065  0.000889  0.000013  0.000349   0.001982  0.000258
t270  0.001384  0.000136  0.000065  0.000889  0.000013  0.000349   0.001981  0.000258
t271  0.001383  0.000136  0.000065  0.000888  0.000013  0.000349   0.001979  0.000258
t272  0.001382  0.000135  0.000065  0.000888  0.000013  0.000349   0.001978  0.000258
t273  0.001382  0.000135  0.000065  0.000888  0.000013  0.000348   0.001977  0.000258
t274  0.001381  0.000135  0.000065  0.000888  0.000013  0.000348   0.001976  0.000258
t275  0.001380  0.000135  0.000065  0.000888  0.000013  0.000348   0.001975  0.000257
t276  0.001380  0.000135  0.000065  0.000888  0.000013  0.000348   0.001973  0.000257
t277  0.001379  0.000135  0.000065  0.000888  0.000013  0.000348   0.001972  0.000257
t278  0.001378  0.000135  0.000065  0.000887  0.000013  0.000347   0.001971  0.000257
t279  0.001378  0.000135  0.000065  0.000887  0.000013  0.000347   0.001970  0.000257
t280  0.001377  0.000135  0.000065  0.000887  0.000013  0.000347   0.001969  0.000257
t281  0.001377  0.000135  0.000065  0.000887  0.000013  0.000347   0.001968  0.000257
t282  0.001376  0.000135  0.000065  0.000887  0.000013  0.000347   0.001967  0.000256
t283  0.001375  0.000135  0.000065  0.000887  0.000013  0.000347   0.001966  0.000256
t284  0.001375  0.000135  0.000066  0.000887  0.000013  0.000346   0.001965  0.000256
t285  0.001374  0.000135  0.000066  0.000886  0.000013  0.000346   0.001964  0.000256
t286  0.001374  0.000135  0.000066  0.000886  0.000013  0.000346   0.001963  0.000256
t287  0.001373  0.000135  0.000066  0.000886  0.000013  0.000346   0.001962  0.000256
t288  0.001373  0.000135  0.000066  0.000886  0.000013  0.000346   0.001961  0.000256
t289  0.001372  0.000135  0.000066  0.000886  0.000013  0.000346   0.001960  0.000256
t290  0.001372  0.000135  0.000066  0.000886  0.000013  0.000346   0.001959  0.000255
t291  0.001371  0.000134  0.000066  0.000885  0.000013  0.000345   0.001958  0.000255
t292  0.001371  0.000134  0.000066  0.000885  0.000013  0.000345   0.001957  0.000255
t293  0.001370  0.000134  0.000066  0.000885  0.000013  0.000345   0.001957  0.000255
t294  0.001370  0.000134  0.000066  0.000885  0.000013  0.000345   0.001956  0.000255
t295  0.001369  0.000134  0.000066  0.000885  0.000013  0.000345   0.001955  0.000255
t296  0.001369  0.000134  0.000066  0.000885  0.000013  0.000345   0.001954  0.000255
t297  0.001368  0.000134  0.000066  0.000885  0.000013  0.000345   0.001953  0.000255
t298  0.001368  0.000134  0.000066  0.000884  0.000013  0.000345   0.001953  0.000255
t299  0.001368  0.000134  0.000066  0.000884  0.000013  0.000345   0.001952  0.000255
t300  0.001367  0.000134  0.000066  0.000884  0.000013  0.000344   0.001951  0.000254
t301  0.001367  0.000134  0.000066  0.000884  0.000013  0.000344   0.001950  0.000254
t302  0.001366  0.000134  0.000066  0.000884  0.000013  0.000344   0.001950  0.000254
t303  0.001366  0.000134  0.000066  0.000884  0.000013  0.000344   0.001949  0.000254
t304  0.001366  0.000134  0.000066  0.000883  0.000013  0.000344   0.001948  0.000254
t305  0.001365  0.000134  0.000066  0.000883  0.000013  0.000344   0.001948  0.000254
t306  0.001365  0.000134  0.000067  0.000883  0.000013  0.000344   0.001947  0.000254
t307  0.001364  0.000134  0.000067  0.000883  0.000013  0.000344   0.001946  0.000254
t308  0.001364  0.000134  0.000067  0.000883  0.000013  0.000344   0.001946  0.000254
t309  0.001364  0.000134  0.000067  0.000883  0.000013  0.000344   0.001945  0.000254
t310  0.001363  0.000134  0.000067  0.000883  0.000013  0.000343   0.001945  0.000254
t311  0.001363  0.000134  0.000067  0.000882  0.000013  0.000343   0.001944  0.000254
t312  0.001363  0.000134  0.000067  0.000882  0.000013  0.000343   0.001943  0.000254
t313  0.001362  0.000134  0.000067  0.000882  0.000013  0.000343   0.001943  0.000254
t314  0.001362  0.000134  0.000067  0.000882  0.000013  0.000343   0.001942  0.000253
t315  0.001362  0.000134  0.000067  0.000882  0.000013  0.000343   0.001942  0.000253
t316  0.001362  0.000134  0.000067  0.000882  0.000013  0.000343   0.001941  0.000253
t317  0.001361  0.000134  0.000067  0.000882  0.000013  0.000343   0.001941  0.000253
t318  0.001361  0.000134  0.000067  0.000881  0.000013  0.000343   0.001940  0.000253
t319  0.001361  0.000134  0.000067  0.000881  0.000013  0.000343   0.001940  0.000253
t320  0.001360  0.000134  0.000067  0.000881  0.000013  0.000343   0.001939  0.000253
t321  0.001360  0.000133  0.000067  0.000881  0.000013  0.000343   0.001939  0.000253
t322  0.001360  0.000133  0.000067  0.000881  0.000013  0.000342   0.001938  0.000253
t323  0.001360  0.000133  0.000067  0.000881  0.000013  0.000342   0.001938  0.000253
t324  0.001359  0.000133  0.000067  0.000880  0.000013  0.000342   0.001938  0.000253
t325  0.001359  0.000133  0.000067  0.000880  0.000013  0.000342   0.001937  0.000253
t326  0.001359  0.000133  0.000067  0.000880  0.000013  0.000342   0.001937  0.000253
t327  0.001359  0.000133  0.000067  0.000880  0.000013  0.000342   0.001936  0.000253
t328  0.001358  0.000133  0.000067  0.000880  0.000013  0.000342   0.001936  0.000253
t329  0.001358  0.000133  0.000067  0.000880  0.000013  0.000342   0.001935  0.000253
t330  0.001358  0.000133  0.000067  0.000880  0.000013  0.000342   0.001935  0.000253
t331  0.001358  0.000133  0.000068  0.000879  0.000013  0.000342   0.001935  0.000253
t332  0.001358  0.000133  0.000068  0.000879  0.000013  0.000342   0.001934  0.000253
t333  0.001357  0.000133  0.000068  0.000879  0.000013  0.000342   0.001934  0.000252
t334  0.001357  0.000133  0.000068  0.000879  0.000013  0.000342   0.001934  0.000252
t335  0.001357  0.000133  0.000068  0.000879  0.000013  0.000342   0.001933  0.000252
t336  0.001357  0.000133  0.000068  0.000879  0.000013  0.000342   0.001933  0.000252
t337  0.001357  0.000133  0.000068  0.000879  0.000013  0.000342   0.001933  0.000252
t338  0.001356  0.000133  0.000068  0.000879  0.000013  0.000342   0.001932  0.000252
t339  0.001356  0.000133  0.000068  0.000878  0.000013  0.000342   0.001932  0.000252
t340  0.001356  0.000133  0.000068  0.000878  0.000014  0.000342   0.001932  0.000252
t341  0.001356  0.000133  0.000068  0.000878  0.000014  0.000341   0.001931  0.000252
t342  0.001356  0.000133  0.000068  0.000878  0.000014  0.000341   0.001931  0.000252
t343  0.001355  0.000133  0.000068  0.000878  0.000014  0.000341   0.001931  0.000252
t344  0.001355  0.000133  0.000068  0.000878  0.000014  0.000341   0.001930  0.000252
t345  0.001355  0.000133  0.000068  0.000878  0.000014  0.000341   0.001930  0.000252
t346  0.001355  0.000133  0.000068  0.000877  0.000014  0.000341   0.001930  0.000252
t347  0.001355  0.000133  0.000068  0.000877  0.000014  0.000341   0.001929  0.000252
t348  0.001355  0.000133  0.000068  0.000877  0.000014  0.000341   0.001929  0.000252
t349  0.001355  0.000133  0.000068  0.000877  0.000014  0.000341   0.001929  0.000252
t350  0.001354  0.000133  0.000068  0.000877  0.000014  0.000341   0.001929  0.000252
t351  0.001354  0.000133  0.000068  0.000877  0.000014  0.000341   0.001928  0.000252
t352  0.001354  0.000133  0.000068  0.000877  0.000014  0.000341   0.001928  0.000252
t353  0.001354  0.000133  0.000068  0.000877  0.000014  0.000341   0.001928  0.000252
t354  0.001354  0.000133  0.000068  0.000876  0.000014  0.000341   0.001928  0.000252
t355  0.001354  0.000133  0.000068  0.000876  0.000014  0.000341   0.001927  0.000252
t356  0.001354  0.000133  0.000068  0.000876  0.000014  0.000341   0.001927  0.000252
t357  0.001353  0.000133  0.000068  0.000876  0.000014  0.000341   0.001927  0.000252
t358  0.001353  0.000133  0.000068  0.000876  0.000014  0.000341   0.001927  0.000252
t359  0.001353  0.000133  0.000068  0.000876  0.000014  0.000341   0.001926  0.000252
t360  0.001353  0.000133  0.000069  0.000876  0.000014  0.000341   0.001926  0.000252
t361  0.001353  0.000133  0.000069  0.000876  0.000014  0.000341   0.001926  0.000252
t362  0.001353  0.000133  0.000069  0.000875  0.000014  0.000341   0.001926  0.000252
t363  0.001353  0.000133  0.000069  0.000875  0.000014  0.000341   0.001926  0.000252
t364  0.001353  0.000133  0.000069  0.000875  0.000014  0.000341   0.001925  0.000252
t365  0.001352  0.000133  0.000069  0.000875  0.000014  0.000341   0.001925  0.000252
t366  0.001352  0.000133  0.000069  0.000875  0.000014  0.000341   0.001925  0.000252
t367  0.001352  0.000133  0.000069  0.000875  0.000014  0.000341   0.001925  0.000252
t368  0.001352  0.000133  0.000069  0.000875  0.000014  0.000341   0.001925  0.000251
t369  0.001352  0.000133  0.000069  0.000875  0.000014  0.000341   0.001924  0.000251
t370  0.001352  0.000133  0.000069  0.000875  0.000014  0.000341   0.001924  0.000251
t371  0.001352  0.000133  0.000069  0.000874  0.000014  0.000341   0.001924  0.000251
t372  0.001352  0.000133  0.000069  0.000874  0.000014  0.000341   0.001924  0.000251
t373  0.001352  0.000133  0.000069  0.000874  0.000014  0.000340   0.001924  0.000251
t374  0.001352  0.000133  0.000069  0.000874  0.000014  0.000340   0.001924  0.000251
t375  0.001351  0.000133  0.000069  0.000874  0.000014  0.000340   0.001923  0.000251
t376  0.001351  0.000133  0.000069  0.000874  0.000014  0.000340   0.001923  0.000251
t377  0.001351  0.000133  0.000069  0.000874  0.000014  0.000340   0.001923  0.000251
t378  0.001351  0.000133  0.000069  0.000874  0.000014  0.000340   0.001923  0.000251
t379  0.001351  0.000133  0.000069  0.000874  0.000014  0.000340   0.001923  0.000251
t380  0.001351  0.000133  0.000069  0.000873  0.000014  0.000340   0.001923  0.000251
t381  0.001351  0.000133  0.000069  0.000873  0.000014  0.000340   0.001922  0.000251
t382  0.001351  0.000133  0.000069  0.000873  0.000014  0.000340   0.001922  0.000251
t383  0.001351  0.000133  0.000069  0.000873  0.000014  0.000340   0.001922  0.000251
t384  0.001351  0.000133  0.000069  0.000873  0.000014  0.000340   0.001922  0.000251
t385  0.001351  0.000133  0.000069  0.000873  0.000014  0.000340   0.001922  0.000251
t386  0.001351  0.000133  0.000069  0.000873  0.000014  0.000340   0.001922  0.000251
t387  0.001350  0.000133  0.000069  0.000873  0.000014  0.000340   0.001922  0.000251
t388  0.001350  0.000133  0.000069  0.000873  0.000014  0.000340   0.001921  0.000251
t389  0.001350  0.000133  0.000069  0.000873  0.000014  0.000340   0.001921  0.000251
t390  0.001350  0.000133  0.000069  0.000872  0.000014  0.000340   0.001921  0.000251
t391  0.001350  0.000133  0.000069  0.000872  0.000014  0.000340   0.001921  0.000251
t392  0.001350  0.000133  0.000069  0.000872  0.000014  0.000340   0.001921  0.000251
t393  0.001350  0.000133  0.000069  0.000872  0.000014  0.000340   0.001921  0.000251
t394  0.001350  0.000133  0.000069  0.000872  0.000014  0.000340   0.001921  0.000251
t395  0.001350  0.000133  0.000070  0.000872  0.000014  0.000340   0.001921  0.000251
t396  0.001350  0.000133  0.000070  0.000872  0.000014  0.000340   0.001920  0.000251
t397  0.001350  0.000133  0.000070  0.000872  0.000014  0.000340   0.001920  0.000251
t398  0.001350  0.000133  0.000070  0.000872  0.000014  0.000340   0.001920  0.000251
t399  0.001350  0.000133  0.000070  0.000872  0.000014  0.000340   0.001920  0.000251
t400  0.001350  0.000133  0.000070  0.000872  0.000014  0.000340   0.001920  0.000251
t401  0.001349  0.000133  0.000070  0.000871  0.000014  0.000340   0.001920  0.000251
t402  0.001349  0.000133  0.000070  0.000871  0.000014  0.000340   0.001920  0.000251
t403  0.001349  0.000133  0.000070  0.000871  0.000014  0.000340   0.001920  0.000251
t404  0.001349  0.000133  0.000070  0.000871  0.000014  0.000340   0.001920  0.000251
t405  0.001349  0.000133  0.000070  0.000871  0.000014  0.000340   0.001919  0.000251
t406  0.001349  0.000133  0.000070  0.000871  0.000014  0.000340   0.001919  0.000251
t407  0.001349  0.000133  0.000070  0.000871  0.000014  0.000340   0.001919  0.000251
t408  0.001349  0.000133  0.000070  0.000871  0.000014  0.000340   0.001919  0.000251
t409  0.001349  0.000133  0.000070  0.000871  0.000014  0.000340   0.001919  0.000251
t410  0.001349  0.000133  0.000070  0.000871  0.000014  0.000340   0.001919  0.000251
t411  0.001349  0.000133  0.000070  0.000871  0.000014  0.000340   0.001919  0.000251
t412  0.001349  0.000133  0.000070  0.000871  0.000014  0.000340   0.001919  0.000251
t413  0.001349  0.000133  0.000070  0.000870  0.000014  0.000340   0.001919  0.000251
t414  0.001349  0.000133  0.000070  0.000870  0.000014  0.000340   0.001919  0.000251
t415  0.001349  0.000133  0.000070  0.000870  0.000014  0.000340   0.001918  0.000251
t416  0.001349  0.000133  0.000070  0.000870  0.000014  0.000340   0.001918  0.000251
t417  0.001349  0.000133  0.000070  0.000870  0.000014  0.000340   0.001918  0.000251
t418  0.001349  0.000133  0.000070  0.000870  0.000014  0.000340   0.001918  0.000251
t419  0.001349  0.000133  0.000070  0.000870  0.000014  0.000340   0.001918  0.000251
t420  0.001348  0.000133  0.000070  0.000870  0.000014  0.000340   0.001918  0.000251
t421  0.001348  0.000133  0.000070  0.000870  0.000014  0.000340   0.001918  0.000251
t422  0.001348  0.000133  0.000070  0.000870  0.000014  0.000340   0.001918  0.000251
t423  0.001348  0.000133  0.000070  0.000870  0.000014  0.000340   0.001918  0.000251
t424  0.001348  0.000133  0.000070  0.000870  0.000014  0.000340   0.001918  0.000251
t425  0.001348  0.000133  0.000070  0.000870  0.000014  0.000340   0.001918  0.000251
t426  0.001348  0.000133  0.000070  0.000869  0.000014  0.000340   0.001918  0.000251
t427  0.001348  0.000133  0.000070  0.000869  0.000014  0.000340   0.001917  0.000251
t428  0.001348  0.000133  0.000070  0.000869  0.000014  0.000340   0.001917  0.000251
t429  0.001348  0.000133  0.000070  0.000869  0.000014  0.000340   0.001917  0.000251
t430  0.001348  0.000133  0.000070  0.000869  0.000014  0.000340   0.001917  0.000251
t431  0.001348  0.000133  0.000070  0.000869  0.000014  0.000340   0.001917  0.000251
t432  0.001348  0.000133  0.000070  0.000869  0.000014  0.000340   0.001917  0.000251
t433  0.001348  0.000133  0.000070  0.000869  0.000014  0.000340   0.001917  0.000251
t434  0.001348  0.000133  0.000070  0.000869  0.000014  0.000340   0.001917  0.000251
t435  0.001348  0.000133  0.000070  0.000869  0.000014  0.000340   0.001917  0.000251
t436  0.001348  0.000133  0.000070  0.000869  0.000014  0.000340   0.001917  0.000251
t437  0.001348  0.000133  0.000070  0.000869  0.000014  0.000340   0.001917  0.000251
t438  0.001348  0.000133  0.000070  0.000869  0.000014  0.000340   0.001917  0.000251
t439  0.001348  0.000133  0.000070  0.000869  0.000014  0.000340   0.001917  0.000251
t440  0.001348  0.000133  0.000070  0.000868  0.000014  0.000340   0.001917  0.000251
t441  0.001348  0.000133  0.000070  0.000868  0.000014  0.000340   0.001916  0.000251
t442  0.001348  0.000133  0.000070  0.000868  0.000014  0.000340   0.001916  0.000251
t443  0.001348  0.000133  0.000071  0.000868  0.000014  0.000340   0.001916  0.000251
t444  0.001348  0.000133  0.000071  0.000868  0.000014  0.000340   0.001916  0.000251
t445  0.001347  0.000133  0.000071  0.000868  0.000014  0.000340   0.001916  0.000251
t446  0.001347  0.000133  0.000071  0.000868  0.000014  0.000340   0.001916  0.000251
t447  0.001347  0.000133  0.000071  0.000868  0.000014  0.000340   0.001916  0.000251
t448  0.001347  0.000132  0.000071  0.000868  0.000014  0.000340   0.001916  0.000251
t449  0.001347  0.000132  0.000071  0.000868  0.000014  0.000340   0.001916  0.000251
t450  0.001347  0.000132  0.000071  0.000868  0.000014  0.000340   0.001916  0.000251
t451  0.001347  0.000132  0.000071  0.000868  0.000014  0.000340   0.001916  0.000251
t452  0.001347  0.000132  0.000071  0.000868  0.000014  0.000340   0.001916  0.000251
t453  0.001347  0.000132  0.000071  0.000868  0.000014  0.000340   0.001916  0.000251
t454  0.001347  0.000132  0.000071  0.000868  0.000014  0.000340   0.001916  0.000251
t455  0.001347  0.000132  0.000071  0.000868  0.000014  0.000340   0.001916  0.000251
t456  0.001347  0.000132  0.000071  0.000868  0.000014  0.000340   0.001916  0.000251
t457  0.001347  0.000132  0.000071  0.000867  0.000014  0.000340   0.001916  0.000251
t458  0.001347  0.000132  0.000071  0.000867  0.000014  0.000340   0.001915  0.000251
t459  0.001347  0.000132  0.000071  0.000867  0.000014  0.000340   0.001915  0.000251
t460  0.001347  0.000132  0.000071  0.000867  0.000014  0.000340   0.001915  0.000251
t461  0.001347  0.000132  0.000071  0.000867  0.000014  0.000340   0.001915  0.000251
t462  0.001347  0.000132  0.000071  0.000867  0.000014  0.000340   0.001915  0.000251
t463  0.001347  0.000132  0.000071  0.000867  0.000014  0.000340   0.001915  0.000251
t464  0.001347  0.000132  0.000071  0.000867  0.000014  0.000340   0.001915  0.000251
t465  0.001347  0.000132  0.000071  0.000867  0.000014  0.000340   0.001915  0.000251
t466  0.001347  0.000132  0.000071  0.000867  0.000014  0.000340   0.001915  0.000251
t467  0.001347  0.000132  0.000071  0.000867  0.000014  0.000340   0.001915  0.000251
t468  0.001347  0.000132  0.000071  0.000867  0.000014  0.000340   0.001915  0.000251
t469  0.001347  0.000132  0.000071  0.000867  0.000014  0.000340   0.001915  0.000251
t470  0.001347  0.000132  0.000071  0.000867  0.000014  0.000340   0.001915  0.000251
t471  0.001347  0.000132  0.000071  0.000867  0.000014  0.000340   0.001915  0.000251
t472  0.001347  0.000132  0.000071  0.000867  0.000014  0.000340   0.001915  0.000251
t473  0.001347  0.000132  0.000071  0.000867  0.000014  0.000340   0.001915  0.000251
t474  0.001347  0.000132  0.000071  0.000867  0.000014  0.000340   0.001915  0.000251
t475  0.001347  0.000132  0.000071  0.000867  0.000014  0.000340   0.001915  0.000251
t476  0.001347  0.000132  0.000071  0.000867  0.000014  0.000340   0.001915  0.000251
t477  0.001347  0.000132  0.000071  0.000866  0.000014  0.000340   0.001915  0.000251
t478  0.001347  0.000132  0.000071  0.000866  0.000014  0.000340   0.001915  0.000251
t479  0.001347  0.000132  0.000071  0.000866  0.000014  0.000340   0.001915  0.000251
t480  0.001347  0.000132  0.000071  0.000866  0.000014  0.000340   0.001915  0.000251
t481  0.001347  0.000132  0.000071  0.000866  0.000014  0.000340   0.001914  0.000251
t482  0.001347  0.000132  0.000071  0.000866  0.000014  0.000340   0.001914  0.000251
t483  0.001347  0.000132  0.000071  0.000866  0.000014  0.000340   0.001914  0.000251
t484  0.001346  0.000132  0.000071  0.000866  0.000014  0.000340   0.001914  0.000251
t485  0.001346  0.000132  0.000071  0.000866  0.000014  0.000340   0.001914  0.000251
t486  0.001346  0.000132  0.000071  0.000866  0.000014  0.000340   0.001914  0.000251
t487  0.001346  0.000132  0.000071  0.000866  0.000014  0.000340   0.001914  0.000251
t488  0.001346  0.000132  0.000071  0.000866  0.000014  0.000340   0.001914  0.000251
t489  0.001346  0.000132  0.000071  0.000866  0.000014  0.000340   0.001914  0.000251
t490  0.001346  0.000132  0.000071  0.000866  0.000014  0.000340   0.001914  0.000251
t491  0.001346  0.000132  0.000071  0.000866  0.000014  0.000340   0.001914  0.000251
t492  0.001346  0.000132  0.000071  0.000866  0.000014  0.000340   0.001914  0.000251
t493  0.001346  0.000132  0.000071  0.000866  0.000014  0.000340   0.001914  0.000251
t494  0.001346  0.000132  0.000071  0.000866  0.000014  0.000340   0.001914  0.000251
t495  0.001346  0.000132  0.000071  0.000866  0.000014  0.000340   0.001914  0.000251
t496  0.001346  0.000132  0.000071  0.000866  0.000014  0.000340   0.001914  0.000251
t497  0.001346  0.000132  0.000071  0.000866  0.000014  0.000340   0.001914  0.000251
t498  0.001346  0.000132  0.000071  0.000866  0.000014  0.000340   0.001914  0.000251
t499  0.001346  0.000132  0.000071  0.000866  0.000014  0.000340   0.001914  0.000251
t500  0.001346  0.000132  0.000071  0.000865  0.000014  0.000340   0.001914  0.000251
t501  0.001346  0.000132  0.000071  0.000865  0.000015  0.000340   0.001914  0.000251
t502  0.001346  0.000132  0.000071  0.000865  0.000015  0.000340   0.001914  0.000251
t503  0.001346  0.000132  0.000071  0.000865  0.000015  0.000340   0.001914  0.000251
t504  0.001346  0.000132  0.000071  0.000865  0.000015  0.000340   0.001914  0.000251
t505  0.001346  0.000132  0.000071  0.000865  0.000015  0.000340   0.001914  0.000251
t506  0.001346  0.000132  0.000071  0.000865  0.000015  0.000340   0.001914  0.000251
t507  0.001346  0.000132  0.000071  0.000865  0.000015  0.000340   0.001914  0.000251
t508  0.001346  0.000132  0.000071  0.000865  0.000015  0.000340   0.001914  0.000251
t509  0.001346  0.000132  0.000071  0.000865  0.000015  0.000340   0.001914  0.000251
t510  0.001346  0.000132  0.000071  0.000865  0.000015  0.000340   0.001913  0.000251
t511  0.001346  0.000132  0.000071  0.000865  0.000015  0.000340   0.001913  0.000251
t512  0.001346  0.000132  0.000071  0.000865  0.000015  0.000340   0.001913  0.000251
t513  0.001346  0.000132  0.000071  0.000865  0.000015  0.000340   0.001913  0.000251
t514  0.001346  0.000132  0.000071  0.000865  0.000015  0.000340   0.001913  0.000251
t515  0.001346  0.000132  0.000071  0.000865  0.000015  0.000340   0.001913  0.000251
t516  0.001346  0.000132  0.000071  0.000865  0.000015  0.000339   0.001913  0.000251
t517  0.001346  0.000132  0.000072  0.000865  0.000015  0.000339   0.001913  0.000251
t518  0.001346  0.000132  0.000072  0.000865  0.000015  0.000339   0.001913  0.000251
t519  0.001346  0.000132  0.000072  0.000865  0.000015  0.000339   0.001913  0.000251
t520  0.001346  0.000132  0.000072  0.000865  0.000015  0.000339   0.001913  0.000251
t521  0.001346  0.000132  0.000072  0.000865  0.000015  0.000339   0.001913  0.000251
t522  0.001346  0.000132  0.000072  0.000865  0.000015  0.000339   0.001913  0.000251
t523  0.001346  0.000132  0.000072  0.000865  0.000015  0.000339   0.001913  0.000251
t524  0.001346  0.000132  0.000072  0.000865  0.000015  0.000339   0.001913  0.000251
t525  0.001346  0.000132  0.000072  0.000865  0.000015  0.000339   0.001913  0.000250
t526  0.001346  0.000132  0.000072  0.000865  0.000015  0.000339   0.001913  0.000250
t527  0.001346  0.000132  0.000072  0.000865  0.000015  0.000339   0.001913  0.000250
t528  0.001346  0.000132  0.000072  0.000865  0.000015  0.000339   0.001913  0.000250
t529  0.001346  0.000132  0.000072  0.000865  0.000015  0.000339   0.001913  0.000250
t530  0.001346  0.000132  0.000072  0.000864  0.000015  0.000339   0.001913  0.000250
t531  0.001346  0.000132  0.000072  0.000864  0.000015  0.000339   0.001913  0.000250
t532  0.001346  0.000132  0.000072  0.000864  0.000015  0.000339   0.001913  0.000250
t533  0.001346  0.000132  0.000072  0.000864  0.000015  0.000339   0.001913  0.000250
t534  0.001346  0.000132  0.000072  0.000864  0.000015  0.000339   0.001913  0.000250
t535  0.001346  0.000132  0.000072  0.000864  0.000015  0.000339   0.001913  0.000250
t536  0.001346  0.000132  0.000072  0.000864  0.000015  0.000339   0.001913  0.000250
t537  0.001346  0.000132  0.000072  0.000864  0.000015  0.000339   0.001913  0.000250
t538  0.001346  0.000132  0.000072  0.000864  0.000015  0.000339   0.001913  0.000250
t539  0.001346  0.000132  0.000072  0.000864  0.000015  0.000339   0.001913  0.000250
t540  0.001346  0.000132  0.000072  0.000864  0.000015  0.000339   0.001913  0.000250
t541  0.001346  0.000132  0.000072  0.000864  0.000015  0.000339   0.001913  0.000250
t542  0.001346  0.000132  0.000072  0.000864  0.000015  0.000339   0.001913  0.000250
t543  0.001346  0.000132  0.000072  0.000864  0.000015  0.000339   0.001913  0.000250
t544  0.001346  0.000132  0.000072  0.000864  0.000015  0.000339   0.001913  0.000250
t545  0.001346  0.000132  0.000072  0.000864  0.000015  0.000339   0.001913  0.000250
t546  0.001346  0.000132  0.000072  0.000864  0.000015  0.000339   0.001913  0.000250
t547  0.001346  0.000132  0.000072  0.000864  0.000015  0.000339   0.001913  0.000250
t548  0.001346  0.000132  0.000072  0.000864  0.000015  0.000339   0.001913  0.000250
t549  0.001346  0.000132  0.000072  0.000864  0.000015  0.000339   0.001913  0.000250
t550  0.001346  0.000132  0.000072  0.000864  0.000015  0.000339   0.001913  0.000250
t551  0.001346  0.000132  0.000072  0.000864  0.000015  0.000339   0.001913  0.000250
t552  0.001346  0.000132  0.000072  0.000864  0.000015  0.000339   0.001913  0.000250
t553  0.001345  0.000132  0.000072  0.000864  0.000015  0.000339   0.001913  0.000250
t554  0.001345  0.000132  0.000072  0.000864  0.000015  0.000339   0.001913  0.000250
t555  0.001345  0.000132  0.000072  0.000864  0.000015  0.000339   0.001912  0.000250
t556  0.001345  0.000132  0.000072  0.000864  0.000015  0.000339   0.001912  0.000250
t557  0.001345  0.000132  0.000072  0.000864  0.000015  0.000339   0.001912  0.000250
t558  0.001345  0.000132  0.000072  0.000864  0.000015  0.000339   0.001912  0.000250
t559  0.001345  0.000132  0.000072  0.000864  0.000015  0.000339   0.001912  0.000250
t560  0.001345  0.000132  0.000072  0.000864  0.000015  0.000339   0.001912  0.000250
t561  0.001345  0.000132  0.000072  0.000864  0.000015  0.000339   0.001912  0.000250
t562  0.001345  0.000132  0.000072  0.000864  0.000015  0.000339   0.001912  0.000250
t563  0.001345  0.000132  0.000072  0.000864  0.000015  0.000339   0.001912  0.000250
t564  0.001345  0.000132  0.000072  0.000864  0.000015  0.000339   0.001912  0.000250
t565  0.001345  0.000132  0.000072  0.000864  0.000015  0.000339   0.001912  0.000250
t566  0.001345  0.000132  0.000072  0.000864  0.000015  0.000339   0.001912  0.000250
t567  0.001345  0.000132  0.000072  0.000864  0.000015  0.000339   0.001912  0.000250
t568  0.001345  0.000132  0.000072  0.000864  0.000015  0.000339   0.001912  0.000250
t569  0.001345  0.000132  0.000072  0.000864  0.000015  0.000339   0.001912  0.000250
t570  0.001345  0.000132  0.000072  0.000863  0.000015  0.000339   0.001912  0.000250
t571  0.001345  0.000132  0.000072  0.000863  0.000015  0.000339   0.001912  0.000250
t572  0.001345  0.000132  0.000072  0.000863  0.000015  0.000339   0.001912  0.000250
t573  0.001345  0.000132  0.000072  0.000863  0.000015  0.000339   0.001912  0.000250
t574  0.001345  0.000132  0.000072  0.000863  0.000015  0.000339   0.001912  0.000250
t575  0.001345  0.000132  0.000072  0.000863  0.000015  0.000339   0.001912  0.000250
t576  0.001345  0.000132  0.000072  0.000863  0.000015  0.000339   0.001912  0.000250
t577  0.001345  0.000132  0.000072  0.000863  0.000015  0.000339   0.001912  0.000250
t578  0.001345  0.000132  0.000072  0.000863  0.000015  0.000339   0.001912  0.000250
t579  0.001345  0.000132  0.000072  0.000863  0.000015  0.000339   0.001912  0.000250
t580  0.001345  0.000132  0.000072  0.000863  0.000015  0.000339   0.001912  0.000250
t581  0.001345  0.000132  0.000072  0.000863  0.000015  0.000339   0.001912  0.000250
t582  0.001345  0.000132  0.000072  0.000863  0.000015  0.000339   0.001912  0.000250
t583  0.001345  0.000132  0.000072  0.000863  0.000015  0.000339   0.001912  0.000250
t584  0.001345  0.000132  0.000072  0.000863  0.000015  0.000339   0.001912  0.000250
t585  0.001345  0.000132  0.000072  0.000863  0.000015  0.000339   0.001912  0.000250
t586  0.001345  0.000132  0.000072  0.000863  0.000015  0.000339   0.001912  0.000250
t587  0.001345  0.000132  0.000072  0.000863  0.000015  0.000339   0.001912  0.000250
t588  0.001345  0.000132  0.000072  0.000863  0.000015  0.000339   0.001912  0.000250
t589  0.001345  0.000132  0.000072  0.000863  0.000015  0.000339   0.001912  0.000250
t590  0.001345  0.000132  0.000072  0.000863  0.000015  0.000339   0.001912  0.000250
t591  0.001345  0.000132  0.000072  0.000863  0.000015  0.000339   0.001912  0.000250
t592  0.001345  0.000132  0.000072  0.000863  0.000015  0.000339   0.001912  0.000250
t593  0.001345  0.000132  0.000072  0.000863  0.000015  0.000339   0.001912  0.000250
t594  0.001345  0.000132  0.000072  0.000863  0.000015  0.000339   0.001912  0.000250
t595  0.001345  0.000132  0.000072  0.000863  0.000015  0.000339   0.001912  0.000250
t596  0.001345  0.000132  0.000072  0.000863  0.000015  0.000339   0.001912  0.000250
t597  0.001345  0.000132  0.000072  0.000863  0.000015  0.000339   0.001912  0.000250
t598  0.001345  0.000132  0.000072  0.000863  0.000015  0.000339   0.001912  0.000250
t599  0.001345  0.000132  0.000072  0.000863  0.000015  0.000339   0.001912  0.000250
t600  0.001345  0.000132  0.000072  0.000863  0.000015  0.000339   0.001912  0.000250
t601  0.001345  0.000132  0.000072  0.000863  0.000015  0.000339   0.001912  0.000250
t602  0.001345  0.000132  0.000072  0.000863  0.000015  0.000339   0.001912  0.000250
t603  0.001345  0.000132  0.000072  0.000863  0.000015  0.000339   0.001912  0.000250
t604  0.001345  0.000132  0.000072  0.000863  0.000015  0.000339   0.001912  0.000250
t605  0.001345  0.000132  0.000072  0.000863  0.000015  0.000339   0.001912  0.000250
t606  0.001345  0.000132  0.000072  0.000863  0.000015  0.000339   0.001912  0.000250
t607  0.001345  0.000132  0.000072  0.000863  0.000015  0.000339   0.001912  0.000250
t608  0.001345  0.000132  0.000072  0.000863  0.000015  0.000339   0.001912  0.000250
t609  0.001345  0.000132  0.000072  0.000863  0.000015  0.000339   0.001912  0.000250
t610  0.001345  0.000132  0.000072  0.000863  0.000015  0.000339   0.001912  0.000250
t611  0.001345  0.000132  0.000072  0.000863  0.000015  0.000339   0.001912  0.000250
t612  0.001345  0.000132  0.000072  0.000863  0.000015  0.000339   0.001912  0.000250
t613  0.001345  0.000132  0.000072  0.000863  0.000015  0.000339   0.001912  0.000250
t614  0.001345  0.000132  0.000072  0.000863  0.000015  0.000339   0.001912  0.000250
t615  0.001345  0.000132  0.000072  0.000863  0.000015  0.000339   0.001912  0.000250
t616  0.001345  0.000132  0.000072  0.000863  0.000015  0.000339   0.001912  0.000250
t617  0.001345  0.000132  0.000072  0.000863  0.000015  0.000339   0.001912  0.000250
t618  0.001345  0.000132  0.000072  0.000863  0.000015  0.000339   0.001912  0.000250
t619  0.001345  0.000132  0.000072  0.000863  0.000015  0.000339   0.001912  0.000250
t620  0.001345  0.000132  0.000072  0.000863  0.000015  0.000339   0.001912  0.000250
t621  0.001345  0.000132  0.000072  0.000863  0.000015  0.000339   0.001912  0.000250
t622  0.001345  0.000132  0.000072  0.000863  0.000015  0.000339   0.001912  0.000250
t623  0.001345  0.000132  0.000072  0.000863  0.000015  0.000339   0.001912  0.000250
t624  0.001345  0.000132  0.000072  0.000863  0.000015  0.000339   0.001912  0.000250
t625  0.001345  0.000132  0.000072  0.000863  0.000015  0.000339   0.001912  0.000250
t626  0.001345  0.000132  0.000072  0.000863  0.000015  0.000339   0.001912  0.000250
t627  0.001345  0.000132  0.000072  0.000863  0.000015  0.000339   0.001912  0.000250
t628  0.001345  0.000132  0.000072  0.000863  0.000015  0.000339   0.001912  0.000250
t629  0.001345  0.000132  0.000072  0.000863  0.000015  0.000339   0.001912  0.000250
t630  0.001345  0.000132  0.000072  0.000863  0.000015  0.000339   0.001912  0.000250
t631  0.001345  0.000132  0.000072  0.000863  0.000015  0.000339   0.001912  0.000250
t632  0.001345  0.000132  0.000072  0.000863  0.000015  0.000339   0.001912  0.000250
t633  0.001345  0.000132  0.000072  0.000863  0.000015  0.000339   0.001912  0.000250
t634  0.001345  0.000132  0.000072  0.000862  0.000015  0.000339   0.001912  0.000250
t635  0.001345  0.000132  0.000072  0.000862  0.000015  0.000339   0.001912  0.000250
t636  0.001345  0.000132  0.000072  0.000862  0.000015  0.000339   0.001912  0.000250
t637  0.001345  0.000132  0.000072  0.000862  0.000015  0.000339   0.001912  0.000250
t638  0.001345  0.000132  0.000072  0.000862  0.000015  0.000339   0.001912  0.000250
t639  0.001345  0.000132  0.000072  0.000862  0.000015  0.000339   0.001912  0.000250
t640  0.001345  0.000132  0.000072  0.000862  0.000015  0.000339   0.001912  0.000250
t641  0.001345  0.000132  0.000072  0.000862  0.000015  0.000339   0.001911  0.000250
t642  0.001345  0.000132  0.000072  0.000862  0.000015  0.000339   0.001911  0.000250
t643  0.001345  0.000132  0.000072  0.000862  0.000015  0.000339   0.001911  0.000250
t644  0.001345  0.000132  0.000072  0.000862  0.000015  0.000339   0.001911  0.000250
t645  0.001345  0.000132  0.000072  0.000862  0.000015  0.000339   0.001911  0.000250
t646  0.001345  0.000132  0.000072  0.000862  0.000015  0.000339   0.001911  0.000250
t647  0.001345  0.000132  0.000072  0.000862  0.000015  0.000339   0.001911  0.000250
t648  0.001345  0.000132  0.000072  0.000862  0.000015  0.000339   0.001911  0.000250
t649  0.001345  0.000132  0.000072  0.000862  0.000015  0.000339   0.001911  0.000250
t650  0.001345  0.000132  0.000072  0.000862  0.000015  0.000339   0.001911  0.000250
t651  0.001345  0.000132  0.000072  0.000862  0.000015  0.000339   0.001911  0.000250
t652  0.001345  0.000132  0.000072  0.000862  0.000015  0.000339   0.001911  0.000250
t653  0.001345  0.000132  0.000072  0.000862  0.000015  0.000339   0.001911  0.000250
t654  0.001345  0.000132  0.000072  0.000862  0.000015  0.000339   0.001911  0.000250
t655  0.001345  0.000132  0.000072  0.000862  0.000015  0.000339   0.001911  0.000250
t656  0.001345  0.000132  0.000072  0.000862  0.000015  0.000339   0.001911  0.000250
t657  0.001345  0.000132  0.000072  0.000862  0.000015  0.000339   0.001911  0.000250
t658  0.001345  0.000132  0.000072  0.000862  0.000015  0.000339   0.001911  0.000250
t659  0.001345  0.000132  0.000072  0.000862  0.000015  0.000339   0.001911  0.000250
t660  0.001345  0.000132  0.000072  0.000862  0.000015  0.000339   0.001911  0.000250
t661  0.001345  0.000132  0.000072  0.000862  0.000015  0.000339   0.001911  0.000250
t662  0.001345  0.000132  0.000072  0.000862  0.000015  0.000339   0.001911  0.000250
t663  0.001345  0.000132  0.000072  0.000862  0.000015  0.000339   0.001911  0.000250
t664  0.001345  0.000132  0.000072  0.000862  0.000015  0.000339   0.001911  0.000250
t665  0.001345  0.000132  0.000072  0.000862  0.000015  0.000339   0.001911  0.000250
t666  0.001345  0.000132  0.000072  0.000862  0.000015  0.000339   0.001911  0.000250
t667  0.001345  0.000132  0.000072  0.000862  0.000015  0.000339   0.001911  0.000250
t668  0.001345  0.000132  0.000072  0.000862  0.000015  0.000339   0.001911  0.000250
t669  0.001345  0.000132  0.000072  0.000862  0.000015  0.000339   0.001911  0.000250
t670  0.001345  0.000132  0.000072  0.000862  0.000015  0.000339   0.001911  0.000250
t671  0.001345  0.000132  0.000072  0.000862  0.000015  0.000339   0.001911  0.000250
t672  0.001345  0.000132  0.000072  0.000862  0.000015  0.000339   0.001911  0.000250
t673  0.001345  0.000132  0.000072  0.000862  0.000015  0.000339   0.001911  0.000250
t674  0.001345  0.000132  0.000072  0.000862  0.000015  0.000339   0.001911  0.000250
t675  0.001345  0.000132  0.000072  0.000862  0.000015  0.000339   0.001911  0.000250
t676  0.001345  0.000132  0.000072  0.000862  0.000015  0.000339   0.001911  0.000250
t677  0.001345  0.000132  0.000072  0.000862  0.000015  0.000339   0.001911  0.000250
t678  0.001345  0.000132  0.000072  0.000862  0.000015  0.000339   0.001911  0.000250
t679  0.001345  0.000132  0.000072  0.000862  0.000015  0.000339   0.001911  0.000250
t680  0.001345  0.000132  0.000072  0.000862  0.000015  0.000339   0.001911  0.000250
t681  0.001345  0.000132  0.000072  0.000862  0.000015  0.000339   0.001911  0.000250
t682  0.001345  0.000132  0.000072  0.000862  0.000015  0.000339   0.001911  0.000250
t683  0.001345  0.000132  0.000072  0.000862  0.000015  0.000339   0.001911  0.000250
t684  0.001345  0.000132  0.000072  0.000862  0.000015  0.000339   0.001911  0.000250
t685  0.001345  0.000132  0.000072  0.000862  0.000015  0.000339   0.001911  0.000250
t686  0.001345  0.000132  0.000072  0.000862  0.000015  0.000339   0.001911  0.000250
t687  0.001345  0.000132  0.000072  0.000862  0.000015  0.000339   0.001911  0.000250
t688  0.001345  0.000132  0.000072  0.000862  0.000015  0.000339   0.001911  0.000250
t689  0.001345  0.000132  0.000072  0.000862  0.000015  0.000339   0.001911  0.000250
t690  0.001345  0.000132  0.000072  0.000862  0.000015  0.000339   0.001911  0.000250
t691  0.001345  0.000132  0.000072  0.000862  0.000015  0.000339   0.001911  0.000250
t692  0.001345  0.000132  0.000072  0.000862  0.000015  0.000339   0.001911  0.000250
t693  0.001345  0.000132  0.000072  0.000862  0.000015  0.000339   0.001911  0.000250
t694  0.001345  0.000132  0.000072  0.000862  0.000015  0.000339   0.001911  0.000250
t695  0.001345  0.000132  0.000072  0.000862  0.000015  0.000339   0.001911  0.000250
t696  0.001345  0.000132  0.000072  0.000862  0.000015  0.000339   0.001911  0.000250
t697  0.001345  0.000132  0.000072  0.000862  0.000015  0.000339   0.001911  0.000250
t698  0.001345  0.000132  0.000072  0.000862  0.000015  0.000339   0.001911  0.000250
t699  0.001345  0.000132  0.000072  0.000862  0.000015  0.000339   0.001911  0.000250
t700  0.001345  0.000132  0.000072  0.000862  0.000015  0.000339   0.001911  0.000250
t701  0.001345  0.000132  0.000072  0.000862  0.000015  0.000339   0.001911  0.000250
t702  0.001345  0.000132  0.000072  0.000862  0.000015  0.000339   0.001911  0.000250
t703  0.001345  0.000132  0.000072  0.000862  0.000015  0.000339   0.001911  0.000250
t704  0.001345  0.000132  0.000072  0.000862  0.000015  0.000339   0.001911  0.000250
t705  0.001345  0.000132  0.000072  0.000862  0.000015  0.000339   0.001911  0.000250
t706  0.001345  0.000132  0.000072  0.000862  0.000015  0.000339   0.001911  0.000250
t707  0.001345  0.000132  0.000072  0.000862  0.000015  0.000339   0.001911  0.000250
t708  0.001345  0.000132  0.000072  0.000862  0.000015  0.000339   0.001911  0.000250
t709  0.001345  0.000132  0.000072  0.000862  0.000015  0.000339   0.001911  0.000250
t710  0.001345  0.000132  0.000072  0.000862  0.000015  0.000339   0.001911  0.000250
t711  0.001345  0.000132  0.000072  0.000862  0.000015  0.000339   0.001911  0.000250
t712  0.001345  0.000132  0.000072  0.000862  0.000015  0.000339   0.001911  0.000250
t713  0.001345  0.000132  0.000072  0.000862  0.000015  0.000339   0.001911  0.000250
t714  0.001345  0.000132  0.000072  0.000862  0.000015  0.000339   0.001911  0.000250
t715  0.001345  0.000132  0.000072  0.000862  0.000015  0.000339   0.001911  0.000250
t716  0.001345  0.000132  0.000072  0.000862  0.000015  0.000339   0.001911  0.000250
t717  0.001345  0.000132  0.000072  0.000862  0.000015  0.000339   0.001911  0.000250
t718  0.001345  0.000132  0.000072  0.000862  0.000015  0.000339   0.001911  0.000250
t719  0.001345  0.000132  0.000072  0.000862  0.000015  0.000339   0.001911  0.000250
t720  0.001345  0.000132  0.000072  0.000862  0.000015  0.000339   0.001911  0.000250
t721  0.001345  0.000132  0.000072  0.000862  0.000015  0.000339   0.001911  0.000250
t722  0.001345  0.000132  0.000072  0.000862  0.000015  0.000339   0.001911  0.000250
t723  0.001345  0.000132  0.000072  0.000862  0.000015  0.000339   0.001911  0.000250
t724  0.001345  0.000132  0.000072  0.000862  0.000015  0.000339   0.001911  0.000250
t725  0.001345  0.000132  0.000072  0.000862  0.000015  0.000339   0.001911  0.000250
t726  0.001345  0.000132  0.000072  0.000862  0.000015  0.000339   0.001911  0.000250
t727  0.001345  0.000132  0.000072  0.000862  0.000015  0.000339   0.001911  0.000250
t728  0.001345  0.000132  0.000072  0.000862  0.000015  0.000339   0.001911  0.000250
t729  0.001345  0.000132  0.000072  0.000862  0.000015  0.000339   0.001911  0.000250
t730  0.001345  0.000132  0.000072  0.000862  0.000015  0.000339   0.001911  0.000250
t731  0.001345  0.000132  0.000072  0.000862  0.000015  0.000339   0.001911  0.000250
t732  0.001345  0.000132  0.000072  0.000862  0.000015  0.000339   0.001911  0.000250
t733  0.001345  0.000132  0.000072  0.000862  0.000015  0.000339   0.001911  0.000250
t734  0.001345  0.000132  0.000072  0.000862  0.000015  0.000339   0.001911  0.000250
t735  0.001345  0.000132  0.000072  0.000862  0.000015  0.000339   0.001911  0.000250
t736  0.001345  0.000132  0.000072  0.000862  0.000015  0.000339   0.001911  0.000250
t737  0.001345  0.000132  0.000072  0.000862  0.000015  0.000339   0.001911  0.000250
t738  0.001345  0.000132  0.000072  0.000862  0.000015  0.000339   0.001911  0.000250
t739  0.001345  0.000132  0.000072  0.000862  0.000015  0.000339   0.001911  0.000250
t740  0.001345  0.000132  0.000072  0.000862  0.000015  0.000339   0.001911  0.000250
t741  0.001345  0.000132  0.000072  0.000862  0.000015  0.000339   0.001911  0.000250
t742  0.001345  0.000132  0.000072  0.000862  0.000015  0.000339   0.001911  0.000250
t743  0.001345  0.000132  0.000072  0.000862  0.000015  0.000339   0.001911  0.000250
t744  0.001345  0.000132  0.000072  0.000862  0.000015  0.000339   0.001911  0.000250
t745  0.001345  0.000132  0.000072  0.000862  0.000015  0.000339   0.001911  0.000250
t746  0.001345  0.000132  0.000072  0.000862  0.000015  0.000339   0.001911  0.000250
t747  0.001345  0.000132  0.000072  0.000862  0.000015  0.000339   0.001911  0.000250
t748  0.001345  0.000132  0.000072  0.000862  0.000015  0.000339   0.001911  0.000250
t749  0.001345  0.000132  0.000072  0.000862  0.000015  0.000339   0.001911  0.000250
t750  0.001345  0.000132  0.000072  0.000862  0.000015  0.000339   0.001911  0.000250
t751  0.001345  0.000132  0.000072  0.000862  0.000015  0.000339   0.001911  0.000250
t752  0.001345  0.000132  0.000072  0.000862  0.000015  0.000339   0.001911  0.000250
t753  0.001345  0.000132  0.000072  0.000862  0.000015  0.000339   0.001911  0.000250
t754  0.001345  0.000132  0.000072  0.000862  0.000015  0.000339   0.001911  0.000250
t755  0.001345  0.000132  0.000072  0.000862  0.000015  0.000339   0.001911  0.000250
t756  0.001345  0.000132  0.000072  0.000862  0.000015  0.000339   0.001911  0.000250
t757  0.001345  0.000132  0.000072  0.000862  0.000015  0.000339   0.001911  0.000250
t758  0.001345  0.000132  0.000072  0.000862  0.000015  0.000339   0.001911  0.000250
t759  0.001345  0.000132  0.000072  0.000862  0.000015  0.000339   0.001911  0.000250
t760  0.001345  0.000132  0.000072  0.000862  0.000015  0.000339   0.001911  0.000250
t761  0.001345  0.000132  0.000072  0.000862  0.000015  0.000339   0.001911  0.000250
t762  0.001345  0.000132  0.000072  0.000862  0.000015  0.000339   0.001911  0.000250
t763  0.001345  0.000132  0.000072  0.000862  0.000015  0.000339   0.001911  0.000250
t764  0.001345  0.000132  0.000072  0.000862  0.000015  0.000339   0.001911  0.000250
t765  0.001345  0.000132  0.000072  0.000862  0.000015  0.000339   0.001911  0.000250
t766  0.001345  0.000132  0.000072  0.000862  0.000015  0.000339   0.001911  0.000250
t767  0.001345  0.000132  0.000072  0.000862  0.000015  0.000339   0.001911  0.000250
t768  0.001345  0.000132  0.000072  0.000862  0.000015  0.000339   0.001911  0.000250
t769  0.001345  0.000132  0.000072  0.000862  0.000015  0.000339   0.001911  0.000250
t770  0.001345  0.000132  0.000072  0.000862  0.000015  0.000339   0.001911  0.000250
t771  0.001345  0.000132  0.000072  0.000862  0.000015  0.000339   0.001911  0.000250
t772  0.001345  0.000132  0.000072  0.000862  0.000015  0.000339   0.001911  0.000250
t773  0.001345  0.000132  0.000072  0.000862  0.000015  0.000339   0.001911  0.000250
t774  0.001345  0.000132  0.000072  0.000862  0.000015  0.000339   0.001911  0.000250
t775  0.001345  0.000132  0.000072  0.000862  0.000015  0.000339   0.001911  0.000250
t776  0.001345  0.000132  0.000072  0.000862  0.000015  0.000339   0.001911  0.000250
t777  0.001345  0.000132  0.000072  0.000862  0.000015  0.000339   0.001911  0.000250
t778  0.001345  0.000132  0.000072  0.000862  0.000015  0.000339   0.001911  0.000250
t779  0.001345  0.000132  0.000072  0.000862  0.000015  0.000339   0.001911  0.000250
t780  0.001345  0.000132  0.000072  0.000862  0.000015  0.000339   0.001911  0.000250
t781  0.001345  0.000132  0.000072  0.000862  0.000015  0.000339   0.001911  0.000250
t782  0.001345  0.000132  0.000072  0.000862  0.000015  0.000339   0.001911  0.000250
t783  0.001345  0.000132  0.000072  0.000862  0.000015  0.000339   0.001911  0.000250
t784  0.001345  0.000132  0.000072  0.000862  0.000015  0.000339   0.001911  0.000250
t785  0.001345  0.000132  0.000072  0.000862  0.000015  0.000339   0.001911  0.000250
t786  0.001345  0.000132  0.000072  0.000862  0.000015  0.000339   0.001911  0.000250
t787  0.001345  0.000132  0.000072  0.000862  0.000015  0.000339   0.001911  0.000250
t788  0.001345  0.000132  0.000072  0.000862  0.000015  0.000339   0.001911  0.000250
t789  0.001345  0.000132  0.000072  0.000862  0.000015  0.000339   0.001911  0.000250
t790  0.001345  0.000132  0.000072  0.000862  0.000015  0.000339   0.001911  0.000250
t791  0.001345  0.000132  0.000072  0.000862  0.000015  0.000339   0.001911  0.000250
t792  0.001345  0.000132  0.000072  0.000862  0.000015  0.000339   0.001911  0.000250
t793  0.001345  0.000132  0.000072  0.000862  0.000015  0.000339   0.001911  0.000250
t794  0.001345  0.000132  0.000072  0.000862  0.000015  0.000339   0.001911  0.000250
t795  0.001345  0.000132  0.000072  0.000862  0.000015  0.000339   0.001911  0.000250
t796  0.001345  0.000132  0.000072  0.000862  0.000015  0.000339   0.001911  0.000250
t797  0.001345  0.000132  0.000072  0.000862  0.000015  0.000339   0.001911  0.000250
t798  0.001345  0.000132  0.000072  0.000862  0.000015  0.000339   0.001911  0.000250
t799  0.001345  0.000132  0.000072  0.000862  0.000015  0.000339   0.001911  0.000250
t800  0.001345  0.000132  0.000072  0.000862  0.000015  0.000339   0.001911  0.000250